2.771 2.747 9.102 1525583403010
2.913 2.777 8.957 1525583403110
2.992 2.641 8.973 1525583403210
3.122 2.545 8.909 1525583403310
3.158 2.629 9.074 1525583403410
3.103 2.461 8.977 1525583403510
3.086 2.585 9.026 1525583403610
3.11 2.417 9.023 1525583403710
3.175 2.391 9.056 1525583403810
3.159 2.319 9.087 1525583403910
3.882 4.082 9.429 1525583404010
-3.32 -5.131 -11.742 1525583404110
18.303 -2.895 6.538 1525583404210
13.773 -4.265 7.654 1525583404310
-2.158 2.576 -9.435 1525583404410
14.491 -1.542 8.263 1525583404510
-2.297 -0.569 -11.022 1525583404610
-1.04 19.439 12.268 1525583404710
0.488 -2.454 -11.117 1525583404810
-1.72 20.385 14.443 1525583404910
-0.585 0.391 -11.827 1525583407466
5.999 5.982 24.526 1525583407566
11.647 -10.757 -3.855 1525583407666
16.267 -4.915 19.109 1525583407766
8.536 -3.795 15.553 1525583407866
4.805 2.228 -2.148 1525583407966
4.774 21.304 17.581 1525583408066
-5.267 8.607 -18.589 1525583408166
5.507 0.183 22.867 1525583408266
3.224 -8.039 -9.606 1525583408366
13.831 -13.821 15.418 1525583408466
9.942 3.869 5.179 1525583408566
0.354 -5.307 -23.936 1525583408666
8.091 9.326 -2.436 1525583408766
7.95 7.02 8.788 1525583408866
0.219 -14.858 4.142 1525583408966
-5.014 -3.138 -3.826 1525583409066
3.852 13.394 6.509 1525583409166
-3.585 -0.698 -22.087 1525583409266
3.28 13.972 17.362 1525583409366
-10.617 2.419 -24.108 1525583412325
11.381 -0.749 6.966 1525583412425
8.228 8.494 9.57 1525583412525
-4.085 -0.977 -19.312 1525583412625
-2.967 -4.99 -9.111 1525583412725
2.745 13.604 9.475 1525583412825
-4.352 1.168 -18.752 1525583412925
0.146 -4.311 -2.508 1525583413025
2.581 -4.787 5.927 1525583413125
-2.797 -0.362 -13.87 1525583413225
0.941 1.832 5.861 1525583413325
-5.146 -4.894 -12.869 1525583413425
4.662 6.858 6.042 1525583413525
1.905 4.518 6.503 1525583413625
-4.021 -5.741 -15.28 1525583413725
6.299 -3.528 14.001 1525583413825
1.973 2.484 11.009 1525583413925
-2.707 -1.701 -5.378 1525583414025
-1.907 2.366 18.289 1525583414125
-7.012 -2.416 -14.49 1525583414225
3.958 13.582 18.522 1525583416781
5.826 -9.86 -7.216 1525583416881
1.471 -3.548 -6.031 1525583416981
3.748 5.448 18.22 1525583417081
8.065 -11.194 -4.569 1525583417181
5.682 -2.121 -0.466 1525583417281
-1.245 21.971 11.084 1525583417381
-5.161 5.248 -20.214 1525583417481
7.411 10.558 12 1525583417581
6.218 3.101 15.917 1525583417681
8.191 -4.203 16.339 1525583417781
2.798 1.761 7.225 1525583417881
-8.289 -1.286 -18.71 1525583417981
2.905 -4.818 9.643 1525583418081
1.629 -2.174 8.749 1525583418181
-7.76 1.563 -21.368 1525583418281
4.689 -5.751 9.377 1525583418381
2.719 1.404 8.455 1525583418481
-5.6 -3.651 -19.604 1525583418581
-4.098 10.74 13.236 1525583418681
-6.318 -0.606 -10.475 1525583421644
1.329 22.622 10.978 1525583421744
1.052 -1.215 -14.439 1525583421844
-0.661 -1.252 -2.072 1525583421944
0.657 9.376 11.03 1525583422044
-5.399 2.199 -19.266 1525583422144
3.6 -1.14 10.007 1525583422244
2.902 1.032 12.115 1525583422344
-3.682 -1.76 -3.838 1525583422444
-4.822 4.812 16.492 1525583422544
-0.757 -1.681 -2.446 1525583422644
3.533 10.106 10.153 1525583422744
-2.24 -4.609 -10.921 1525583422844
-8.874 1.112 -12.562 1525583422944
5.818 14.769 3.515 1525583423044
0.727 4.647 6.19 1525583423144
-6.764 -1.201 -16.086 1525583423244
-1.914 15.052 8.464 1525583423344
-1.785 -3.235 -0.128 1525583423444
1.004 -3.315 0.19 1525583423544
-3.497 12.93 7.397 1525583425824
-4.876 -3.211 -7.792 1525583425924
-1.779 9.212 15.056 1525583426024
-5.231 -7.432 2.623 1525583426124
-6.827 -2.16 -4.469 1525583426224
-5.995 8.297 4.954 1525583426324
-7.482 -6.371 -10.783 1525583426424
-1.541 5.459 8.791 1525583426524
-3.94 6.442 6.231 1525583426624
-7.383 -5.424 -15.87 1525583426724
-8.88 5.473 2.727 1525583426824
-8.745 -5.2 -12.453 1525583426924
-4.767 1.506 6.596 1525583427024
-9.42 0.067 2.806 1525583427124
-6.524 -0.784 -2.629 1525583427224
-7.022 -1.025 8.504 1525583427324
-9.408 -0.827 -8.309 1525583427424
-6.068 -0.13 17.439 1525583427524
-10.294 -4.373 -8.89 1525583427624
-7.719 0.077 3.073 1525583427724
-6.936 -2.631 7.341 1525583430827
-2.118 -7.591 -1.911 1525583430927
-1.563 -1.135 4.484 1525583431027
-6.842 0.293 4.899 1525583431127
-6.849 -5.586 -6.232 1525583431227
-2.55 17.846 10.831 1525583431327
-3.769 -1.112 4.21 1525583431427
-8.434 -4.514 -6.813 1525583431527
-3.01 8.303 11.622 1525583431627
-4.966 -7.783 -3.375 1525583431727
-3.117 5.733 15.278 1525583431827
-2.327 -7.038 -7.159 1525583431927
-4.399 -4.878 -5.026 1525583432027
-3.832 4.185 13.595 1525583432127
-0.907 -7.973 -8.768 1525583432227
-6.699 -5.374 -9.098 1525583432327
-3.66 8.482 8.993 1525583432427
-6.662 -6.572 -14.821 1525583432527
0.132 27.507 -0.371 1525583432627
-8.969 -3.454 -8.648 1525583432727
-9.213 0.611 4.139 1525583435544
-6.912 4.385 6.303 1525583435644
-7.687 8.306 7.336 1525583435744
-10.315 -2.531 -9.91 1525583435844
-9.054 10.122 10.941 1525583435944
-9.655 -1.888 -7.228 1525583436044
-7.2 5.975 6.684 1525583436144
-9.608 -1.006 -8.233 1525583436244
-9.37 -1.033 2.716 1525583436344
-9.05 -3.309 -5.384 1525583436444
-9.111 -2.876 -8.293 1525583436544
-7.512 5.12 8.87 1525583436644
-9.512 -2.902 -8.816 1525583436744
-8.186 15.715 15.827 1525583436844
-7.514 -5.132 -7.59 1525583436944
-4.616 -3.06 -2.775 1525583437044
-5.364 9.711 10.39 1525583437144
-8.406 0.549 -15.065 1525583437244
-4.499 36.843 0.333 1525583437344
-7.967 -5.633 -10.036 1525583437444
-7.562 8.641 2.282 1525583439866
-9.098 -1.034 -5.647 1525583439966
-8.746 0.976 2.562 1525583440066
-7.944 4.408 5.884 1525583440166
-6.424 2.078 -20.963 1525583440266
-3.482 15.071 8.794 1525583440366
-7.658 10.135 -30.578 1525583440466
3.265 4.349 5.661 1525583440566
1.421 -9.757 -5.397 1525583440666
1.537 -3.45 3.911 1525583440766
-5.585 -5.803 -16.315 1525583440866
-4.662 -3.627 -0.026 1525583440966
-6.955 7.505 5.81 1525583441066
-6.821 -3.026 -18.789 1525583441166
-7.535 38.17 9.551 1525583441266
-4.902 -8.147 -17.202 1525583441366
-6.289 9.417 9.627 1525583441466
-8 -2.423 -11.399 1525583441566
-3.28 17.278 31.08 1525583441666
-7.813 0.205 1.532 1525583441766
-4.458 20.948 10.082 1525583444457
-3.108 -4.759 -24.916 1525583444557
-0.843 3.796 10.435 1525583444657
-3.382 7.649 7.615 1525583444757
-3.405 -14.615 -13.019 1525583444857
-2.384 16.6 7.751 1525583444957
-5.598 -0.284 1.789 1525583445057
-6.699 -9.842 -3.876 1525583445157
-1.939 3.893 4.772 1525583445257
-0.666 -10.969 -28.212 1525583445357
2.917 21.629 8.478 1525583445457
4.359 -8.916 -9.243 1525583445557
1.544 3.74 2.392 1525583445657
-3.309 17.737 4.742 1525583445757
-2.737 2.553 -20.421 1525583445857
-2.452 22.164 11.916 1525583445957
-2.794 7.286 4.914 1525583446057
-5.448 -3.423 -2.077 1525583446157
-7.367 7.414 1.112 1525583446257
-9.309 -6.351 -14.615 1525583446357
-0.722 32.664 9.492 1525583449722
-2.297 -4.326 2.47 1525583449822
-5.872 0.538 -7.222 1525583449922
3.211 1.033 4.244 1525583450022
1.074 17.09 11.154 1525583450122
-6.97 -1.283 -11.896 1525583450222
2.389 24.777 10.251 1525583450322
0.946 -3.5 3.945 1525583450422
2.33 -2.161 1.579 1525583450522
1.064 22.552 7.701 1525583450622
-4.259 -3.56 -6.718 1525583450722
1.942 33.107 15.15 1525583450822
-5.731 -4.064 -15.977 1525583450922
2.3 13.463 0.85 1525583451022
0.845 4.467 8.249 1525583451122
-7.326 0.839 -14.532 1525583451222
4.224 -9.946 10.625 1525583451322
-2.344 -11.975 -7.35 1525583451422
-1.821 -1.599 -2.228 1525583451522
1.505 14.341 14.643 1525583451622
-2.937 -0.833 -12.612 1525583454052
-7.991 3.363 -4.071 1525583454152
-2.785 -6.025 -3.068 1525583454252
-6.129 10.856 -3.813 1525583454352
-8.325 -1.75 -22.4 1525583454452
-3.76 -0.828 -5.085 1525583454552
-0.548 -3.535 5.647 1525583454652
-4.878 4.982 -6.996 1525583454752
-0.527 2.658 -0.711 1525583454852
4.757 20.357 10.292 1525583454952
6.046 27.246 -3.305 1525583455052
-2.036 -2.731 -2.029 1525583455152
-6.992 -2.627 -8.325 1525583455252
0.236 27.394 11.046 1525583455352
5.412 -1.585 -17.927 1525583455452
3.366 -3.194 2.478 1525583455552
0.603 16.434 4.279 1525583455652
-4.72 -0.569 -7.13 1525583455752
4.605 26.927 14.284 1525583455852
-1.92 -6.159 -5.229 1525583455952
0.232 25.421 -0.688 1525583459396
7.224 20.727 25.092 1525583459496
-3.268 -0.892 -2.619 1525583459596
4.757 -12.472 -4.555 1525583459696
1.975 8.081 1.993 1525583459796
-1.112 -10.459 -7.194 1525583459896
4.828 26.849 10.961 1525583459996
9.409 -6.89 1.874 1525583460096
8.326 1.5 7.426 1525583460196
3.575 12.694 8.713 1525583460296
-8.111 2.987 -7.678 1525583460396
1.835 38.832 12.686 1525583460496
2.251 -2.179 -4.628 1525583460596
-5.897 1.113 -6.449 1525583460696
1.207 38.961 9.147 1525583460796
-1.111 -5.532 -2.824 1525583460896
-6.04 1.923 -5.288 1525583460996
0.486 13.556 9.176 1525583461096
-2.473 0.248 -12.449 1525583461196
2.099 38.961 12.225 1525583461296
-5.655 8.973 -22.249 1525583463897
-5.939 15.582 7.756 1525583463997
-6.567 -7.271 -3.387 1525583464097
-4.15 -0.94 0.782 1525583464197
-7.959 3.159 5.979 1525583464297
-8.376 -3.041 -12.94 1525583464397
-8.763 18.133 9.83 1525583464497
-6.565 -6.133 -7.86 1525583464597
-2.476 14.853 9.647 1525583464697
3.864 -10.073 -8.867 1525583464797
-1.798 1.967 5.014 1525583464897
-7.471 -9.795 -14.616 1525583464997
-3.997 32.539 7.362 1525583465097
-7.568 0.826 4.984 1525583465197
-8.058 -3.892 -4.2 1525583465297
-5.915 15.004 7.198 1525583465397
-5.998 -7.165 -11.742 1525583465497
-4.371 8.719 7.999 1525583465597
-4.098 -9.254 -3.117 1525583465697
-8.605 30.4 6.548 1525583465797
-3.673 -9.753 -22.315 1525583468621
-3.73 -0.587 3.862 1525583468721
-5.595 3.922 1.925 1525583468821
-4.347 -8.52 -22.29 1525583468921
-2.867 5.427 6.566 1525583469021
9.022 -10.319 -4.085 1525583469121
-0.798 -5.616 -3.052 1525583469221
0.757 26.345 1.627 1525583469321
-2.102 -3.527 -15.805 1525583469421
8.816 27.452 3 1525583469521
2.43 -18.358 -9.97 1525583469621
-0.623 -0.826 -0.141 1525583469721
-2.634 20.031 8.613 1525583469821
-4.988 1.19 -8.557 1525583469921
4.439 16.477 8.677 1525583470021
-7.4 -1.781 -19.201 1525583470121
4.506 4.712 3.278 1525583470221
-1.097 -8.188 2.597 1525583470321
-5.355 2.868 -0.922 1525583470421
-6.407 9.444 0.491 1525583470521
-7.026 -7.167 -9.527 1525583472947
-5.588 15.682 6.418 1525583473047
7.294 -10.567 -2.063 1525583473147
-9.866 1.614 -9.468 1525583473247
-0.237 2.194 6.388 1525583473347
-1.478 -12.991 -9.242 1525583473447
4.343 15.273 -1.914 1525583473547
-0.044 -3.099 8.859 1525583473647
-5.303 -2.331 -1.944 1525583473747
0.098 -2.409 7.664 1525583473847
1.72 10.544 11.257 1525583473947
1.004 12.521 7.033 1525583474047
-6.931 -7.627 -12.766 1525583474147
-10.927 38.346 5.193 1525583474247
-6.4 5.961 4.167 1525583474347
-4.316 -2.405 0.357 1525583474447
-5.301 13.204 6.988 1525583474547
0.254 -3.275 3.953 1525583474647
2.211 3.775 3.178 1525583474747
1.349 34.895 6.017 1525583474847
-4.924 -0.879 -10.534 1525583477536
3.227 36.587 4.763 1525583477636
-0.558 3.808 8.518 1525583477736
1.619 -15.463 -4.275 1525583477836
1.282 0.057 0.816 1525583477936
-1.347 1.888 9.007 1525583478036
-3.656 -5.713 -3.047 1525583478136
1.974 17.701 6.953 1525583478236
-0.986 -8.797 -8.719 1525583478336
1.968 21.311 7.024 1525583478436
-2.306 -8.197 -13.93 1525583478536
-2.31 21.329 0.229 1525583478636
-5.466 0.702 6.988 1525583478736
-2.565 -9.342 -3.931 1525583478836
-1.821 1.7 1.84 1525583478936
-0.961 9.578 4.69 1525583479036
-4.165 -2.211 0.541 1525583479136
-0.657 14.459 2.883 1525583479236
-6.388 -5.84 -6.611 1525583479336
-1.647 -4.473 2.549 1525583479436
-7.326 -6.166 -10.911 1525583482259
-2.67 27.862 21.028 1525583482359
-3.535 -0.379 2.844 1525583482459
-7.531 -14.047 -14.208 1525583482559
1.593 7.117 10.074 1525583482659
-8.07 1.173 1.317 1525583482759
-8.337 -11.785 -9.399 1525583482859
-5.956 4.094 11.246 1525583482959
-5.226 -7.271 -13.301 1525583483059
-3.036 9.904 6.526 1525583483159
-8.415 -8.282 -6.991 1525583483259
-6.232 7.656 9.348 1525583483359
3.931 -17.107 -12.739 1525583483459
2.537 -7.696 3.187 1525583483559
-0.576 13.992 6.353 1525583483659
-0.169 -17.319 -3.589 1525583483759
0.215 29.276 2.459 1525583483859
0.826 -12.726 3.742 1525583483959
-5.941 -3.017 -1.263 1525583484059
-3.651 33.727 9.651 1525583484159
-4.738 -2.938 -2.119 1525583487250
3.11 21.249 14.976 1525583487350
-3.148 -8.307 -14.22 1525583487450
-2.649 -4.541 -1.42 1525583487550
3.386 13.005 18.479 1525583487650
-0.855 -4.318 1.714 1525583487750
-4.818 -4.338 -1.307 1525583487850
0.055 -10.148 -1.053 1525583487950
-5.393 -6.335 -12.894 1525583488050
1.65 5.755 14.503 1525583488150
-6.055 -7.027 -10.463 1525583488250
-1.676 11.94 8.999 1525583488350
-0.989 -8.261 -5.257 1525583488450
-0.236 0.941 4.052 1525583488550
-3.184 11.076 6.19 1525583488650
-6.9 -4.464 -4.304 1525583488750
-3.377 26.998 9.966 1525583488850
-4.757 -0.335 6.443 1525583488950
1.276 2.033 8.994 1525583489050
-2.382 13.85 4.463 1525583489150
-4.827 -3.19 -0.148 1525583492387
0.306 22.146 13.075 1525583492487
-5.823 -6.277 -13.961 1525583492587
2.249 38.961 9.953 1525583492687
-1.346 -19.712 -3.872 1525583492787
-1.423 9.869 14.508 1525583492887
-9.16 13.76 4.054 1525583492987
-8.338 12.905 9.129 1525583493087
-5.786 -2.358 2.021 1525583493187
-3.169 5.384 9.058 1525583493287
-4.698 -6.849 -5.872 1525583493387
-5.883 1.859 5.315 1525583493487
-7.08 -12.074 -15.023 1525583493587
-3.845 38.961 24.252 1525583493687
-3.087 -4.736 5.41 1525583493787
4.98 0.937 7.401 1525583493887
-0.068 14.3 5.368 1525583493987
-2.313 -8.719 -10.154 1525583494087
4.462 23.557 11.266 1525583494187
2.649 0.968 -22.378 1525583494287
3.256 -18.709 -19.452 1525583496435
-5.522 -0.045 1.03 1525583496535
-0.025 -0.554 11.169 1525583496635
4.816 -2.276 5.084 1525583496735
-2.129 -11.883 -23.682 1525583496835
-1.988 -5.861 9.098 1525583496935
-3.081 14.066 0.84 1525583497035
1.042 -9.922 -1.919 1525583497135
-8.291 -3.502 -2.429 1525583497235
-9.274 -0.348 1.171 1525583497335
-7.559 -6.038 -1.391 1525583497435
-8.354 1.328 2.497 1525583497535
-9.601 -10.929 -6.455 1525583497635
-4.376 0.504 3.113 1525583497735
-5.467 -6.508 8.731 1525583497835
-4.004 -2.897 -1.301 1525583497935
-5.38 3.933 5.259 1525583498035
-6.317 -4.359 -14.147 1525583498135
-8.322 38.961 10.538 1525583498235
-7.002 -3.578 -13.371 1525583498335
-7.326 5.416 7.117 1525583501160
-7.804 -2.935 -16.3 1525583501260
0.493 3.475 2.621 1525583501360
-2.055 10.735 7.773 1525583501460
-6.538 -6.551 -10.238 1525583501560
-4.298 13.479 3.784 1525583501660
-6.745 7.86 -0.429 1525583501760
-7.324 -2.534 -4.586 1525583501860
-7.913 9.363 2.234 1525583501960
-9.342 -6.037 -12.63 1525583502060
-7.341 1.816 3.778 1525583502160
-7.287 -8.234 -7.174 1525583502260
-6.329 -0.878 3.816 1525583502360
-8.803 -5.691 -4.001 1525583502460
-7.008 5.977 3.351 1525583502560
-8.879 -4.648 -4.87 1525583502660
-5.265 9.224 9.595 1525583502760
-9.401 -0.253 -1.089 1525583502860
-2.443 -6.008 5.971 1525583502960
-6.228 1.197 1.646 1525583503060
-3.097 0.518 4.747 1525583505752
-8.34 2.115 4.095 1525583505852
-5.01 2.051 -14.171 1525583505952
13.96 18.615 24.401 1525583506052
-4.866 -2.528 0.426 1525583506152
-7.432 2.61 -7.064 1525583506252
-9.366 7.276 3.048 1525583506352
-8.741 -4.093 -2.375 1525583506452
-7.911 14.179 22.026 1525583506552
0.624 8.538 -3.789 1525583506652
-3.752 -3.032 0.557 1525583506752
-2.698 -12.764 4.722 1525583506852
-0.703 -1.798 1.85 1525583506952
-1.449 21.511 -2.15 1525583507052
-5.253 -2.558 -1.631 1525583507152
-2.897 -8.105 -1.262 1525583507252
-3.697 29.585 -4.833 1525583507352
-3.833 -1.231 0.406 1525583507452
-5.993 -15.627 6.049 1525583507552
-2.139 17.155 -5.812 1525583507652
-8.744 0.3 5.677 1525583510746
-4.437 -17.47 4.707 1525583510846
-4.366 3.159 1.476 1525583510946
-5.065 1.01 8.927 1525583511046
-9.873 -0.515 -15.757 1525583511146
2.585 10.243 4.627 1525583511246
-0.851 3.693 5.606 1525583511346
-8.884 -1.771 -16.853 1525583511446
3.746 -1.835 9.709 1525583511546
-4.701 -5.947 -9.958 1525583511646
0.176 38.961 6.493 1525583511746
-6.068 0.368 -14.872 1525583511846
0.196 -8.129 2.318 1525583511946
-3.23 7.166 7.452 1525583512046
-6.752 -2.609 -13.783 1525583512146
2.638 10.109 17.675 1525583512246
-1.653 -7.913 -9.473 1525583512346
-3.844 0.43 -3.986 1525583512446
2.035 9.098 6.406 1525583512546
-4.614 2.57 -14.922 1525583512646
-0.776 24.569 9.84 1525583515204
-2.834 -0.236 1.909 1525583515304
-6.716 0.753 -14.159 1525583515404
5.423 0.323 13.483 1525583515504
1.177 7.129 9.105 1525583515604
-6.605 -0.662 -13.403 1525583515704
8.2 0.419 12.755 1525583515804
2.34 -4.548 4.004 1525583515904
-4.44 -4.27 -7.766 1525583516004
-0.758 13.158 6.375 1525583516104
-6.202 -1.584 -12.02 1525583516204
-2.285 10.939 13.33 1525583516304
-0.727 4.785 8.746 1525583516404
-7.131 0.357 -6.897 1525583516504
-2.58 -3.042 1.127 1525583516604
4.313 -2.714 9.468 1525583516704
-6.235 -4.113 -11.068 1525583516804
1.566 -5.316 4.484 1525583516904
5.649 -13.589 -1.656 1525583517004
2.752 -10.406 7.097 1525583517104
