0.754 3.834 8.952 1525583245780
0.82 3.759 9.012 1525583245880
0.804 3.785 8.976 1525583245980
0.806 3.755 9.04 1525583246080
0.815 3.709 9.005 1525583246180
0.761 3.71 9.002 1525583246280
0.791 3.733 9.109 1525583246380
0.549 3.725 9.071 1525583246480
0.575 3.555 9.153 1525583246580
0.548 3.687 9.178 1525583246680
0.494 2.945 9.236 1525583246780
-0.165 1.237 9.597 1525583246880
-0.645 -0.528 9.013 1525583246980
-0.758 -2.067 9.437 1525583247080
0.492 -4.285 9.362 1525583247180
3.575 -7.121 9.108 1525583247280
4.313 -4.906 7.371 1525583247380
4.824 -5.073 6.779 1525583247480
5.012 -4.772 6.873 1525583247580
5.503 -4.531 6.406 1525583247680
3.169 -4.095 4.89 1525583250504
3.315 -5.209 5.956 1525583250604
4.553 -4.065 6.271 1525583250704
2.911 -5.922 5.521 1525583250804
3.376 -3.747 8.982 1525583250904
3.144 -5.537 5.84 1525583251004
3.605 -4.288 7.574 1525583251104
4.85 -4.92 7.49 1525583251204
4.119 -5.085 6.703 1525583251304
4.486 -3.643 7.413 1525583251404
4.686 -2.447 6.11 1525583251504
3.194 -4.663 8.427 1525583251604
4.531 -4.131 7.434 1525583251704
4.865 -4.698 7.036 1525583251804
2.158 -6.666 9.002 1525583251904
3.517 -1.057 7.662 1525583252004
8.342 -0.391 6.958 1525583252104
7.947 1.71 3.304 1525583252204
8.573 1.059 3.001 1525583252304
8.373 1.373 3.181 1525583252404
8.411 1.885 3.523 1525583255099
8.643 1.791 3.505 1525583255199
8.196 2.016 2.826 1525583255299
8.167 -1.557 4.045 1525583255399
7.425 -3.172 5.247 1525583255499
7.619 -3.471 4.905 1525583255599
6.636 -2.594 6.222 1525583255699
6.577 -2.599 5.534 1525583255799
7.293 -3.134 4.768 1525583255899
7.828 -2.223 4.559 1525583255999
7.962 -1.28 4.31 1525583256099
8.034 -1.496 4.821 1525583256199
7.578 -1.055 4.785 1525583256299
8.115 -1.836 5.546 1525583256399
7.37 -2.611 5.236 1525583256499
7.219 -3.063 5.595 1525583256599
6.601 -3.666 5.501 1525583256699
4.068 -3.511 7.587 1525583256799
3.535 -2.521 7.35 1525583256899
2.146 -3.918 7.82 1525583256999
0.079 -5.737 7.943 1525583259959
-0.606 -6.52 7.718 1525583260059
-1.745 -6.427 7.475 1525583260159
-2.647 -4.621 7.675 1525583260259
-2.322 -0.28 8.962 1525583260359
-1.814 1.841 8.849 1525583260459
-0.613 2.123 9.026 1525583260559
-0.391 3.268 9.129 1525583260659
-0.333 3.007 9.236 1525583260759
-0.469 2.367 9.664 1525583260859
-0.171 0.788 9.386 1525583260959
-1.349 -0.147 10.444 1525583261059
-1.626 -1.993 8.587 1525583261159
-0.692 -3.924 9.473 1525583261259
0.982 -4.038 9.008 1525583261359
2.099 -4.437 9.697 1525583261459
2.759 -4.626 8.854 1525583261559
3.125 -5.032 8.575 1525583261659
2.599 -4.537 8.004 1525583261759
2.769 -4.542 8.02 1525583261859
2.779 -4.356 8.084 1525583264545
2.795 -4.499 8.065 1525583264645
2.801 -4.511 8.095 1525583264745
2.905 -4.506 8.035 1525583264845
2.55 -4.136 7.596 1525583264945
2.674 -4.186 8.096 1525583265045
3.09 -4.571 8.035 1525583265145
2.926 -4.543 8.03 1525583265245
2.922 -4.547 8.02 1525583265345
2.682 -4.607 8.107 1525583265445
2.957 -4.642 8.046 1525583265545
2.871 -4.605 7.997 1525583265645
2.926 -4.577 7.923 1525583265745
2.902 -4.611 7.942 1525583265845
2.785 -4.471 7.915 1525583265945
3.053 -4.501 8.208 1525583266045
3.056 -5.036 6.967 1525583266145
2.999 -7.069 4.244 1525583266245
7.553 -4.059 4.482 1525583266345
9.76 -4.183 3.77 1525583266445
9.172 -3.314 3.225 1525583269279
8.631 -3.553 4.445 1525583269379
6.876 -5.739 4.853 1525583269479
2.539 -5.615 3.382 1525583269579
5.871 -6.043 4.511 1525583269679
9.426 -5.735 3.581 1525583269779
7.385 -6.091 1.499 1525583269879
7.439 -5.202 2.14 1525583269979
8.506 -5.864 2.946 1525583270079
7.52 -7.927 4.737 1525583270179
-0.569 -7.066 2.981 1525583270279
0.746 -7.007 13.795 1525583270379
1.565 -5.781 7.675 1525583270479
1.528 -5.558 7.833 1525583270579
1.529 -5.941 7.586 1525583270679
1.487 -6.354 7.295 1525583270779
1.571 -5.672 6.924 1525583270879
3.205 -7.192 6.23 1525583270979
4.404 -5.71 3.259 1525583271079
9.408 -5.968 2.981 1525583271179
7.79 -4.222 3.122 1525583273995
8.241 -4.51 2.842 1525583274095
9.048 -4.087 4.833 1525583274195
5.392 -9.244 0.287 1525583274295
1.857 -7.334 1.419 1525583274395
-3.895 -7.344 5.749 1525583274495
-4.371 -5.595 7.099 1525583274595
-6.108 -6.405 0.889 1525583274695
-7.511 -5.211 -4.002 1525583274795
-7.62 -5.853 -2.103 1525583274895
-5.284 -6.372 6.849 1525583274995
-5.457 -7.92 0.312 1525583275095
-6.514 -7.014 -4.563 1525583275195
-6.888 -6.782 -3.305 1525583275295
-6.658 -6.94 -3.192 1525583275395
-6.891 -6.749 -3.602 1525583275495
-8.576 -5.521 -3.159 1525583275595
-7.438 -5.485 -1.572 1525583275695
-6.995 -8.139 -0.475 1525583275795
-4.616 -9.144 3.008 1525583275895
-5.616 -6.322 5.203 1525583278863
-5.943 -6.098 4.478 1525583278963
-5.757 -6.527 3.821 1525583279063
-8.04 -8.09 2.771 1525583279163
-4.451 -5.231 4.968 1525583279263
-6.025 -7.638 4.632 1525583279363
-4.567 -5.732 5.862 1525583279463
-4.929 -8.554 2.398 1525583279563
-5.369 -7.427 0.573 1525583279663
-2.597 -4.128 5.793 1525583279763
8.908 -8.903 1.84 1525583279863
6.981 -8.998 1.499 1525583279963
5.901 -8.98 2.239 1525583280063
3.023 -8.762 2.893 1525583280163
-2.306 -5.041 7.786 1525583280263
-2.428 -8.452 -0.543 1525583280363
-1.98 -8.934 -6.053 1525583280463
-4.773 -8.659 -4.02 1525583280563
-3.481 -8.579 -3.309 1525583280663
-4.288 -7.992 -4.025 1525583280763
-4.238 -8.163 -3.579 1525583283315
-4.359 -8.052 -4.246 1525583283415
-4.215 -8.35 -3.784 1525583283515
-4.043 -8.187 -3.826 1525583283615
-3.649 -8.7 -3.635 1525583283715
-4.234 -8.346 -3.268 1525583283815
-4.087 -8.472 -3.148 1525583283915
-4.103 -8.878 -2.762 1525583284015
-4.109 -8.672 -2.235 1525583284115
-4.257 -8.848 -1.33 1525583284215
-4.519 -8.843 -0.599 1525583284315
-4.906 -8.585 0.101 1525583284415
-4.658 -7.932 0.414 1525583284515
-3.473 -9.158 2.873 1525583284615
-2.993 -8.956 0.39 1525583284715
-2.986 -9.109 -4.797 1525583284815
-4.645 -5.55 -7.716 1525583284915
-4.214 -6.006 -6.593 1525583285015
-2.361 -8.472 -0.663 1525583285115
-1.158 -1.681 6.795 1525583285215
0.685 -7.265 6.323 1525583287899
1.073 -7.499 8.204 1525583287999
-1.439 -8.818 3.201 1525583288099
-3.482 -7.701 -1.601 1525583288199
-4.862 -8.824 0.043 1525583288299
-4.257 -8.224 1.542 1525583288399
-3.767 -6.614 5.442 1525583288499
-3.409 -4.648 7.913 1525583288599
-2.853 -4.076 9.399 1525583288699
-3.342 -4.815 8.245 1525583288799
-4.966 -8.208 -1.411 1525583288899
-5.194 -7.397 -5.203 1525583288999
-4.848 -7.856 -4.475 1525583289099
-4.459 -7.419 -4.408 1525583289199
-3.743 -9.508 -0.469 1525583289299
-3.291 -8.186 3.553 1525583289399
-3.031 -7.183 6.623 1525583289499
-3.016 -8.167 4.803 1525583289599
-3.193 -7.524 5.495 1525583289699
-3.285 -6.506 6.916 1525583289799
-3.59 -8.763 2.17 1525583292501
-3.748 -9.228 -1.156 1525583292601
-3.661 -9.04 -2.212 1525583292701
-3.358 -9.453 -1.494 1525583292801
-3.029 -9.425 -0.552 1525583292901
-2.561 -8.952 2.216 1525583293001
-1.435 -4.51 7.707 1525583293101
-0.763 -4.184 9.465 1525583293201
-1.269 -4.751 8.806 1525583293301
-2.564 -7.377 5.089 1525583293401
-3.352 -8.307 3.602 1525583293501
-4.536 -8.697 -0.486 1525583293601
-4.847 -8.387 -1.148 1525583293701
-4.398 -8.746 0.637 1525583293801
-3.708 -9.171 1.475 1525583293901
-3.073 -7.388 4.566 1525583294001
-1.759 -7.378 6.171 1525583294101
-1.105 -5.465 8.022 1525583294201
-1.292 -5.664 8.082 1525583294301
-1.44 -5.92 7.766 1525583294401
-2.375 -6.799 6.692 1525583297220
-2.86 -7.572 5.417 1525583297320
-3.381 -8.685 2.828 1525583297420
-3.52 -9.248 -0.772 1525583297520
-3.594 -8.832 -2.637 1525583297620
-3.163 -9.854 -1.171 1525583297720
-3.164 -9.505 -0.374 1525583297820
-2.788 -9.24 1.438 1525583297920
-1.889 -8.093 5.471 1525583298020
-1.653 -5.818 7.902 1525583298120
-1.996 -6.046 7.411 1525583298220
-2.169 -6.36 7.343 1525583298320
-3.043 -7.819 4.737 1525583298420
-3.178 -9.019 0.91 1525583298520
-3.827 -8.855 -1.72 1525583298620
-3.526 -8.811 -0.001 1525583298720
-2.759 -8.245 5.205 1525583298820
-2.461 -7.379 6.031 1525583298920
-2.181 -6.644 6.939 1525583299020
-2.543 -6.529 7.525 1525583299120
-3.71 -8.334 2.033 1525583306264
-2.146 -7.262 6.332 1525583306364
-2.233 -7.366 6.821 1525583306464
-2.022 -6.972 6.268 1525583306564
-2.146 -7.55 6.647 1525583306664
-2.424 -7.22 6.599 1525583306764
-3.21 -7.547 5.064 1525583306864
-3.323 -7.984 4.453 1525583306964
-2.369 -6.357 7.638 1525583307064
-3.304 -7.947 2.61 1525583307164
-2.261 -5.686 8.339 1525583307264
-3.656 -7.706 4.144 1525583307364
-3.239 -7.898 4.382 1525583307464
-2.398 -7.139 6.55 1525583307564
-3.196 -6.961 5.861 1525583307664
-3.928 -7.856 3.91 1525583307764
-2.35 -5.943 7.331 1525583307864
-2.987 -6.901 5.83 1525583307964
-3.773 -7.394 4.748 1525583308064
-2.856 -6.662 5.95 1525583308164
-3.819 -7.89 4.081 1525583312885
-2.659 -7.871 5.519 1525583312985
-2.355 -5.837 8.016 1525583313085
-3.934 -7.528 4.738 1525583313185
-2.701 -6.636 5.993 1525583313285
-1.511 -4.795 8.569 1525583313385
-2.067 -5.624 7.592 1525583313485
-2.928 -6.145 6.886 1525583313585
-1.654 -7.653 7.146 1525583313685
-1.747 -8.191 7.037 1525583313785
-3.164 -6.348 5.297 1525583313885
-1.738 -6.606 6.9 1525583313985
-1.729 -4.504 9.526 1525583314085
-1.75 -6.534 8.305 1525583314185
-3.833 -7.441 3.097 1525583314285
-3.296 -6.615 5.291 1525583314385
-2.416 -5.74 7.468 1525583314485
-1.842 -5.018 9.393 1525583314585
-2.431 -6.238 7.425 1525583314685
-2.931 -6.661 6.374 1525583314785
-3.842 -7.31 4.803 1525583317337
-3.448 -7.832 4.791 1525583317437
-2.411 -6.636 7.586 1525583317537
-2.237 -6.131 7.516 1525583317637
-2.065 -6.745 6.946 1525583317737
-2.858 -8.188 4.197 1525583317837
-3.688 -9.36 0.171 1525583317937
-3.527 -9.087 -0.067 1525583318037
-2.586 -8.476 3.583 1525583318137
-2.175 -6.553 6.277 1525583318237
-0.98 -3.211 10.049 1525583318337
-1.249 -3.374 9.418 1525583318437
-2.115 -4.383 8.741 1525583318537
-3.218 -5.424 7.245 1525583318637
-4.657 -7.164 4.678 1525583318737
-5.404 -7.262 2.409 1525583318837
-4.886 -7.355 3.472 1525583318937
-3.679 -7.337 4.976 1525583319037
-2.607 -7.034 7.283 1525583319137
-2.073 -6.261 8.114 1525583319237
-2.512 -6.809 6.478 1525583322060
-3.949 -8.381 3.01 1525583322160
-4.042 -8.339 2.337 1525583322260
-3.544 -8.453 3.17 1525583322360
-2.333 -8.137 5.156 1525583322460
-1.215 -3.86 9.568 1525583322560
-1.451 -5.241 8.464 1525583322660
-1.687 -5.436 8.045 1525583322760
-2.452 -4.725 8.467 1525583322860
-3.156 -3.21 8.245 1525583322960
-2.861 -1.04 9.479 1525583323060
-2.769 -1.353 9.345 1525583323160
-2.289 -0.997 9.26 1525583323260
-0.911 -0.982 9.166 1525583323360
0.612 -0.988 10.182 1525583323460
1.05 -1.192 9.378 1525583323560
1.246 -1.154 8.688 1525583323660
4.933 -1.714 7.859 1525583323760
7.133 -3.004 6.287 1525583323860
7.756 -4.905 5.045 1525583323960
7.596 -3.627 4.433 1525583326918
7.4 -3.473 4.846 1525583327018
6.978 -3.079 4.973 1525583327118
7.763 -5.061 4.761 1525583327218
7.844 -5.524 4.525 1525583327318
6.734 -5.861 5.243 1525583327418
3.594 -6.132 6.116 1525583327518
0.63 -4.638 6.826 1525583327618
0.028 -4.917 8.325 1525583327718
0.646 -6.146 7.581 1525583327818
-0.245 -6.284 6.637 1525583327918
-0.01 -8.5 3.748 1525583328018
0.493 -9.061 3.791 1525583328118
1.159 -8.775 7.089 1525583328218
1.328 -6.214 7.196 1525583328318
0.995 -6.94 6.711 1525583328418
0.639 -7.162 6.602 1525583328518
0.724 -7.125 6.547 1525583328618
0.838 -7.048 6.56 1525583328718
0.933 -7.008 6.712 1525583328818
0.575 -9.322 2.144 1525583331512
-0.251 -9.156 -1.89 1525583331612
-0.192 -8.156 -1.617 1525583331712
4.484 -6.314 3.59 1525583331812
8.793 -5.853 3.734 1525583331912
8.072 -4.597 2.767 1525583332012
8.227 -4.336 2.86 1525583332112
7.081 -6.038 3.971 1525583332212
6.101 -7.088 3.917 1525583332312
3.593 -7.246 4.13 1525583332412
-1.227 -8.767 4.156 1525583332512
-1.183 -7.839 5.454 1525583332612
-2.455 -6.624 6.5 1525583332712
-2.686 -9.747 3.436 1525583332812
-3.529 -9.556 -1.756 1525583332912
-4.14 -8.63 -1.047 1525583333012
-3.341 -8.813 3.545 1525583333112
-4.626 -8.982 0.022 1525583333212
-4.074 -9.234 3.989 1525583333312
-4.255 -7.666 5.34 1525583333412
-3.17 -5.204 7.565 1525583336104
-3.175 -3.752 8.332 1525583336204
-3.391 -4.118 7.824 1525583336304
-3.117 -4.337 8.436 1525583336404
-3.335 -7.063 6.72 1525583336504
-3.429 -9.135 3.03 1525583336604
-3.656 -7.034 4.907 1525583336704
-3.454 -3.518 7.731 1525583336804
0.636 -1.395 8.909 1525583336904
2.808 -1.009 9.202 1525583337004
3.547 0.427 7.73 1525583337104
4.573 -0.034 7.899 1525583337204
5.319 -0.304 8.173 1525583337304
5.518 -0.213 7.816 1525583337404
5.75 -0.211 7.796 1525583337504
6.008 -0.328 7.714 1525583337604
5.771 0.903 8.056 1525583337704
4.537 -4.786 7.25 1525583337804
4.923 -3.781 7.247 1525583337904
4.487 -4.761 7.271 1525583338004
1.878 -10.924 0.056 1525583340956
-1.262 -9.109 0.045 1525583341056
-3.394 -8.342 3.654 1525583341156
-4.098 -5.619 6.721 1525583341256
-3.972 -6.22 6.392 1525583341356
-3.271 -7.016 5.22 1525583341456
-0.476 -7.706 4.024 1525583341556
3.418 -8.575 3.751 1525583341656
6.72 -7.051 2.322 1525583341756
8.554 -5.565 2.527 1525583341856
8.23 -4.822 2.36 1525583341956
6.007 -7.232 2.307 1525583342056
4.148 -7.362 2.65 1525583342156
2.739 -7.374 2.763 1525583342256
4.542 -7.834 2.622 1525583342356
6.802 -6.917 2.591 1525583342456
7.528 -6.341 2.285 1525583342556
7.471 -5.533 2.824 1525583342656
11.01 -2.36 2.684 1525583342756
7.432 -2.781 2.108 1525583342856
8.718 -2.835 2.087 1525583345818
8.434 -2.919 2.051 1525583345918
8.295 -3.357 2.075 1525583346018
8.83 -3.208 2.149 1525583346118
8.552 -2.982 2.437 1525583346218
8.837 -3.127 2.306 1525583346318
8.903 -5.053 2.182 1525583346418
7.528 -5.387 2.797 1525583346518
6.334 -5.296 2.87 1525583346618
5.097 -6.972 3.437 1525583346718
4.519 -6.526 5.105 1525583346818
4.405 -5.866 5.052 1525583346918
6.424 -8.671 3.111 1525583347018
3.815 -7.08 2.076 1525583347118
4.025 -5.385 3.011 1525583347218
11.631 -6.63 1.215 1525583347318
7.092 -6.728 1.568 1525583347418
7.079 -5.707 2.283 1525583347518
7.82 -4.532 2.015 1525583347618
8.261 -4.714 1.159 1525583347718
8.388 -3.4 0.924 1525583350685
9.146 -4.917 0.739 1525583350785
8.823 -3.315 2.054 1525583350885
7.252 -7.251 0.886 1525583350985
6.075 -7.681 3.912 1525583351085
3.565 -8.294 4.444 1525583351185
0.028 -8.583 3.538 1525583351285
-2.378 -7.654 3.066 1525583351385
-2.922 -8.684 3.297 1525583351485
-3.133 -8.621 3.103 1525583351585
-2.8 -8.38 3.837 1525583351685
-2.154 -8.665 3.82 1525583351785
-1.399 -7.696 6.477 1525583351885
-1.417 -6.941 6.896 1525583351985
-1.823 -7.807 5.36 1525583352085
0.457 -7.682 5.979 1525583352185
0.122 -6.749 6.192 1525583352285
-2.589 -13.725 4.52 1525583352385
0.087 -9.489 -0.462 1525583352485
-1.842 -8.562 -1.131 1525583352585
-4.338 -8.556 -0.219 1525583358786
-4.665 -9.122 -0.558 1525583358886
-4.377 -8.672 -1.483 1525583358986
-5.567 -8.181 0.292 1525583359086
-5.577 -7.675 2.37 1525583359186
-3.518 -7.844 4.308 1525583359286
-2.276 -7.16 5.407 1525583359386
-3.363 -7.907 4.076 1525583359486
-4.884 -5.595 1 1525583359586
-2.723 -9.122 -3.408 1525583359686
-3.461 -5.552 7.48 1525583359786
-4.658 -9.117 -0.485 1525583359886
-4.122 -6.304 4.176 1525583359986
1.191 -8.956 -3.794 1525583360086
-1.555 -7.985 -5.862 1525583360186
-0.802 -7.315 -7.33 1525583360286
-0.764 -7.477 -6.413 1525583360386
-0.474 -8.624 -3.072 1525583360486
-0.831 -7.996 -4.82 1525583360586
-1.051 -8.375 -4.856 1525583360686
-1.33 -8.434 -4.095 1525583363503
-0.174 -7.937 -5.318 1525583363603
-0.083 -7.037 -7.335 1525583363703
-0.62 -7.546 -7.385 1525583363803
-0.746 -7.592 -6.878 1525583363903
-1.033 -8.227 -4.863 1525583364003
-0.536 -9.855 -3.581 1525583364103
-0.961 -8.399 -3.837 1525583364203
-1.302 -8.155 -4.347 1525583364303
-2.178 -8.208 -4.342 1525583364403
-2.146 -7.921 -5.056 1525583364503
-1.877 -7.694 -6.072 1525583364603
0.317 -7.957 -4.741 1525583364703
0.139 -8.045 -6.143 1525583364803
0.221 -7.25 -6.536 1525583364903
-0.566 -7.178 -6.846 1525583365003
-0.359 -7.924 -4.796 1525583365103
-0.239 -8.725 -5.155 1525583365203
-0.569 -8.345 -4.838 1525583365303
-0.599 -8.635 -4.255 1525583365403
-0.729 -9.219 -2.959 1525583369987
-1.015 -9.073 -3.42 1525583370087
-1.192 -9.207 -3.42 1525583370187
-1.626 -8.878 -4.55 1525583370287
-2.398 -7.819 -4.725 1525583370387
-2.666 -8.108 -5.233 1525583370487
-2.283 -7.987 0.281 1525583370587
-2.858 -8.053 5.424 1525583370687
0.123 -0.285 9.867 1525583370787
0.093 -0.291 10.282 1525583370887
1.767 1.217 9.898 1525583370987
2.069 1.677 9.842 1525583371087
1.724 2.249 9.274 1525583371187
1.795 -2.86 9.848 1525583371287
0.863 -5.127 7.966 1525583371387
0.96 -5.124 8.228 1525583371487
1 -5.246 7.968 1525583371587
1.312 -4.76 7.425 1525583371687
2.36 -6.103 7.621 1525583371787
2.052 -5.873 7.282 1525583371887
2.257 -6.074 7.76 1525583374439
1.733 -4.404 8.33 1525583374539
1.516 -3.796 9.198 1525583374639
1.483 -3.627 8.538 1525583374739
1.359 -3.356 8.837 1525583374839
1.572 -3.199 9.031 1525583374939
2.281 -2.163 9.654 1525583375039
2.099 -2.344 9.216 1525583375139
2.009 -2.441 9.089 1525583375239
1.909 -2.512 9.211 1525583375339
1.864 -3.11 8.889 1525583375439
1.304 -3.876 8.896 1525583375539
0.646 -4.468 9.022 1525583375639
0.401 -4.615 8.828 1525583375739
-0.427 -4.438 8.551 1525583375839
-1.176 -4.604 8.332 1525583375939
-0.846 -1.648 10.007 1525583376039
0.379 -1.65 9.721 1525583376139
0.415 -1.579 9.508 1525583376239
0.035 -2.423 9.409 1525583376339
0.403 -3.544 9.284 1525583379929
-0.135 -4.35 8.716 1525583380029
0.658 -4.888 9.126 1525583380129
0.618 -5.032 8.321 1525583380229
0.942 -5 8.33 1525583380329
0.814 -4.807 8.334 1525583380429
0.785 -4.954 8.206 1525583380529
0.729 -5.623 7.847 1525583380629
0.377 -6.097 8.053 1525583380729
0.023 -5.747 7.936 1525583380829
0.933 -6.249 7.388 1525583380929
0.925 -6.12 7.465 1525583381029
0.485 -6.451 7.637 1525583381129
0.032 -6.048 7.535 1525583381229
0.263 -5.965 8.02 1525583381329
0.335 -5.483 7.652 1525583381429
-0.196 -5.722 8.129 1525583381529
0.025 -5.645 7.817 1525583381629
0.029 -5.41 7.993 1525583381729
-0.333 -5.703 7.983 1525583381829
-0.36 -4.938 8.094 1525583384407
0.255 -5.786 8.038 1525583384507
1.249 -6.775 6.981 1525583384607
2.276 -6.377 6.638 1525583384707
2.91 -6.25 7.247 1525583384807
3.364 -5.74 7.275 1525583384907
3.406 -5.71 7.112 1525583385007
3.866 -5.98 6.946 1525583385107
4.35 -5.727 6.645 1525583385207
4.438 -5.683 6.736 1525583385307
3.929 -5.783 6.692 1525583385407
5.334 -5.733 5.66 1525583385507
4.08 -5.949 7.397 1525583385607
4.298 -5.914 6.383 1525583385707
3.814 -6.069 6.927 1525583385807
2.98 -6.636 6.728 1525583385907
2.962 -6.632 6.724 1525583386007
2.597 -6.21 6.606 1525583386107
1.439 -6.153 7.511 1525583386207
1.456 -5.753 7.805 1525583386307
1.438 -5.083 8.255 1525583388557
1.42 -4.65 8.466 1525583388657
0.05 -4.592 8.642 1525583388757
0.645 -3.301 8.874 1525583388857
0.554 -2.628 9.606 1525583388957
1.031 -0.964 9.647 1525583389057
1.055 0.219 9.637 1525583389157
1.695 1.839 9.17 1525583389257
2.295 2.069 9.597 1525583389357
3.408 2.583 9.066 1525583389457
3.207 2.096 9.192 1525583389557
3.081 1.832 9.214 1525583389657
3.055 1.784 9.164 1525583389757
2.85 1.826 9.71 1525583389857
2.694 1.603 9.393 1525583389957
2.917 2.118 9.353 1525583390057
2.615 2.332 8.921 1525583390157
2.205 2.388 9.394 1525583390257
1.827 1.846 9.289 1525583390357
1.967 1.981 9.612 1525583390457
2.084 2.076 9.359 1525583393290
2.059 2.362 9.406 1525583393390
2.403 1.743 9.384 1525583393490
2.187 2.105 9.381 1525583393590
2.358 1.918 9.275 1525583393690
2.512 2.168 9.289 1525583393790
2.442 1.949 8.994 1525583393890
2.51 2.004 9.325 1525583393990
2.466 2.17 9.279 1525583394090
2.394 2.045 9.267 1525583394190
2.241 2.303 9.19 1525583394290
2.289 2.089 9.396 1525583394390
2.172 2.173 9.25 1525583394490
1.937 1.965 9.398 1525583394590
2.211 2.282 9.755 1525583394690
2.142 2.036 9.21 1525583394790
2.155 2.083 9.459 1525583394890
-0.172 2.61 7.99 1525583394990
2.042 2.091 9.415 1525583395090
2.081 1.824 9.319 1525583395190
2.834 2.015 9.703 1525583398269
2.265 2.033 9.164 1525583398369
2.123 2.015 9.462 1525583398469
2.617 1.982 9.411 1525583398569
2.605 2.375 9.206 1525583398669
2.609 2.452 9.052 1525583398769
2.684 2.585 9.22 1525583398869
2.338 2.528 9.098 1525583398969
2.921 1.899 9.054 1525583399069
3.044 1.793 9.293 1525583399169
3.083 1.93 9.232 1525583399269
3.287 2.3 9.176 1525583399369
3.142 2.385 8.841 1525583399469
3.182 2.656 8.866 1525583399569
3.097 2.67 8.962 1525583399669
2.588 2.538 9.284 1525583399769
2.739 2.51 8.931 1525583399869
3.284 2.797 9.067 1525583399969
3.152 2.727 8.913 1525583400069
2.891 2.635 8.981 1525583400169
