-0.018 -0.042 -0.043 1525583403010
0.01 -0.022 0.01 1525583403110
-0.02 -0.011 0.023 1525583403210
0.066 -0.036 0.009 1525583403310
-0.034 -0.032 0.03 1525583403410
-0.036 -0.006 0.031 1525583403510
-0.001 -0.016 0.022 1525583403610
-0.031 -0.01 0.003 1525583403710
-0.018 -0.007 -0.001 1525583403810
-0.056 -0.018 -0.029 1525583403910
-0.248 0.214 -0.179 1525583404010
-11.324 2.984 5.072 1525583404110
16.261 -9.921 -0.626 1525583404210
-7.36 7.225 -7.32 1525583404310
1.843 -6.395 -3.922 1525583404410
-6.116 6.405 -9.901 1525583404510
1.338 -6.516 -3.836 1525583404610
1.42 1.761 -4.688 1525583404710
2.827 -7.244 -5.005 1525583404810
5.04 1.717 -4.604 1525583404910
2.495 -6.764 -4.419 1525583407466
-6.656 -2.702 1.076 1525583407566
-5.101 1.321 2.779 1525583407666
5.661 -10.768 -2.544 1525583407766
-5.41 5.731 -7.589 1525583407866
6.778 -9.284 0.962 1525583407966
4.698 1.106 -6.333 1525583408066
-5.747 2.444 4.083 1525583408166
-12.005 -3.021 0.662 1525583408266
-16.638 8.967 1.467 1525583408366
15.837 -8.038 0.18 1525583408466
-4.28 0.565 -8.711 1525583408566
1.324 0.146 -2.384 1525583408666
25.813 -2.17 5.598 1525583408766
-3.105 -0.578 -6 1525583408866
1.344 -1.165 1.544 1525583408966
4.35 3.139 3.48 1525583409066
0.72 2.473 -6.098 1525583409166
-14.221 3.828 1.365 1525583409266
-1.955 -1.256 -1.535 1525583409366
-1.885 1.263 2.084 1525583412325
12.565 -8.756 1.325 1525583412425
-3.541 1.132 -8.248 1525583412525
-2.886 1.842 2.147 1525583412625
9.835 -8.172 0.685 1525583412725
-12.632 6.112 -4.258 1525583412825
1.748 -3.5 -2.257 1525583412925
18.334 -5.17 3.931 1525583413025
-7.476 5.307 -5.869 1525583413125
1.206 -4.239 -0.583 1525583413225
-5.23 1.713 -6.587 1525583413325
0.219 -2.271 -0.266 1525583413425
22.737 -2.322 5.729 1525583413525
-4.701 1.195 -6.953 1525583413625
-0.308 -1.343 0.051 1525583413725
11.296 -6.627 1.519 1525583413825
-4.736 2.083 -5.939 1525583413925
3.469 -5.809 -1.831 1525583414025
-10.315 -0.061 -0.062 1525583414125
-0.029 -1.095 0.315 1525583414225
-6.918 -2.238 0.68 1525583416781
-18.659 6.982 -5.399 1525583416881
6.297 -7.188 -2.522 1525583416981
-4.911 -2.133 -1.116 1525583417081
-18.191 7.239 -3.154 1525583417181
6.478 -9.725 -0.763 1525583417281
6.885 1.947 -6.197 1525583417381
-2.124 2.258 2.391 1525583417481
9.489 -6.459 2.987 1525583417581
-1.616 4.361 -6.138 1525583417681
7.179 -8.484 -0.568 1525583417781
-6.382 3.415 -5.825 1525583417881
-0.744 0.025 0.296 1525583417981
16.873 -6.086 1.398 1525583418081
-4.435 2.882 -5.715 1525583418181
-2.752 1.438 2.075 1525583418281
10.382 -7.233 0.27 1525583418381
-3.485 2.306 -6.071 1525583418481
0.055 0.294 0.703 1525583418581
1.393 1.119 -2.41 1525583418681
2.025 -3.07 -1.91 1525583421644
7.397 0.764 -4.24 1525583421744
-13.016 5.855 4.171 1525583421844
3.334 -7.74 -2.218 1525583421944
7.031 3.458 -4.639 1525583422044
-5.341 3.306 3.393 1525583422144
5.178 -8.342 -0.576 1525583422244
-3.839 3.056 -6.423 1525583422344
3.772 -5.965 -1.709 1525583422444
-4.807 0.141 -3.497 1525583422544
4.289 -7.598 -1.86 1525583422644
17.129 -5.222 4.659 1525583422744
-12.591 5.678 2.301 1525583422844
0.783 -2.776 -0.369 1525583422944
15.222 -3.468 6.275 1525583423044
-0.998 2.766 -6.17 1525583423144
-5.515 2.639 1.755 1525583423244
3.427 1.126 -5.169 1525583423344
-8.147 3.65 2.941 1525583423444
5.526 -7.729 -0.835 1525583423544
3.221 1.136 -5.123 1525583425824
2.065 -5.171 -1.261 1525583425924
-10.086 -0.081 0.371 1525583426024
-11.712 3.177 -2.758 1525583426124
2.711 -3.877 0.346 1525583426224
0.779 0.593 -4.367 1525583426324
-6.118 0.425 0.798 1525583426424
11.438 -3.496 3.382 1525583426524
-1.947 0.413 -4.855 1525583426624
-5.118 1.293 1.416 1525583426724
2.068 1.75 -3.807 1525583426824
-2.125 -0.186 0.279 1525583426924
12.984 -2.591 2.229 1525583427024
-7.981 2.14 -3.765 1525583427124
0.735 -3.626 1.724 1525583427224
0.626 2.151 -1.117 1525583427324
-0.121 0.491 0.501 1525583427424
-1.181 0.355 -0.627 1525583427524
-1.128 0.352 0.235 1525583427624
0.28 2.49 -1.862 1525583427724
6.965 -4.717 -0.715 1525583430827
-12.184 4.149 -0.864 1525583430927
8.773 -5.636 0.76 1525583431027
-2.614 0.769 -4.055 1525583431127
2.231 -2.179 -0.519 1525583431227
16.997 -1.919 3.343 1525583431327
-5.413 1.935 -4.009 1525583431427
0.236 -1.39 -0.152 1525583431527
-2.085 1.032 -1.581 1525583431627
-9.392 2.68 -0.842 1525583431727
-4.691 0.863 -0.725 1525583431827
-12.521 4.003 0.471 1525583431927
1.243 -5.172 -1.996 1525583432027
-1.945 0.434 -2.146 1525583432127
-10.738 3.471 0.92 1525583432227
1.664 -2.008 0.033 1525583432327
3.377 1.223 -3.848 1525583432427
-5.438 -0.028 1.841 1525583432527
18.937 0.291 4.477 1525583432627
0.022 -0.08 1.847 1525583432727
-0.21 2.548 -1.177 1525583435544
0.397 -3.235 1.231 1525583435644
2.652 1.969 -0.743 1525583435744
-1.873 0.393 0.082 1525583435844
2.983 1.426 0.313 1525583435944
-1.019 -1.731 0.319 1525583436044
2.271 1.688 -0.721 1525583436144
-0.727 0.387 -0.044 1525583436244
1.171 2.228 -1.205 1525583436344
-0.197 -1.748 0.594 1525583436444
-0.659 -0.263 0.572 1525583436544
1.921 1.37 -1.18 1525583436644
-1.446 0.461 0.187 1525583436744
2.279 1.059 -0.48 1525583436844
-3.312 3.945 -1.788 1525583436944
4.979 -5.769 -1.288 1525583437044
0.995 0.437 -2.487 1525583437144
0.706 -1.658 0.894 1525583437244
13.811 -1.842 4.086 1525583437344
-8.978 2.384 1.05 1525583437444
-7.25 0.211 -1.448 1525583439866
-7.132 1.259 0.956 1525583439966
-1.204 -2.575 0.798 1525583440066
4.35 2.663 -2.066 1525583440166
-6.486 0.466 -0.329 1525583440266
1.889 -0.37 -4.684 1525583440366
-5.792 2.111 3.214 1525583440466
13.284 -6.903 1.975 1525583440566
-15.686 4.525 -1.286 1525583440666
5.706 -7.172 0.755 1525583440766
-9.565 1.131 2.327 1525583440866
15.742 -0.429 1.422 1525583440966
-8.384 1.504 -3.538 1525583441066
7.046 -5.662 1.448 1525583441166
-3.767 1.155 -4.961 1525583441266
1.208 -3.53 2.161 1525583441366
-0.146 -4.193 2.44 1525583441466
-2.236 1.222 -0.325 1525583441566
1.805 -2.621 0.546 1525583441666
0.641 3.071 -1.857 1525583441766
4.477 -0.847 2.114 1525583444457
-7.175 1.832 -0.963 1525583444557
4.529 -4.514 5.109 1525583444657
0.963 2.268 -3.756 1525583444757
-7.816 2.53 -1.992 1525583444857
5.412 0.03 3.119 1525583444957
-1.716 0.389 -5.385 1525583445057
-0.075 -4.063 2.399 1525583445157
5.748 -3.073 -6.272 1525583445257
-8.703 3.176 -0.068 1525583445357
4.107 0.153 -2.86 1525583445457
-16.113 7.045 1.909 1525583445557
7.733 -7.078 1.144 1525583445657
0.074 -0.25 -4.678 1525583445757
-13.237 2.692 1.482 1525583445857
-7.729 -1.131 1.383 1525583445957
-2.659 0.369 -5.994 1525583446057
3.013 -5.344 1.327 1525583446157
-4.891 -0.794 -2.744 1525583446257
1.727 -2.215 0.08 1525583446357
0.819 -1.074 1.748 1525583449722
-11.862 2.48 -4.471 1525583449822
4.679 -4.853 -0.205 1525583449922
6.979 -2.072 4.741 1525583450022
-5.911 1.746 -6.861 1525583450122
4.296 -7.584 -0.326 1525583450222
4.494 1.127 -5.99 1525583450322
-10.525 2.444 -6.451 1525583450422
6.829 -7.773 0.66 1525583450522
5.199 0.042 -5.328 1525583450622
1.137 -4.353 0.671 1525583450722
-9.785 -0.72 1.983 1525583450822
-0.505 0.461 1.512 1525583450922
17.908 -2.732 5.469 1525583451022
-2.987 1.221 -7.009 1525583451122
-1.153 -1.167 1.095 1525583451222
9.003 -6.32 -1.076 1525583451322
-15.582 5.576 0.15 1525583451422
4.493 -6.407 -1.404 1525583451522
1.936 -0.019 -3.862 1525583451622
2.804 -3.814 1.814 1525583454052
-2.574 2.544 -3.854 1525583454152
4.296 -5.987 -1.062 1525583454252
-8.886 1.899 -3.277 1525583454352
-0.722 -2.932 -1.662 1525583454452
-6.002 2.189 -4.671 1525583454552
8.342 -7.206 -0.283 1525583454652
-1.797 3.007 -5.81 1525583454752
11.473 -6.4 -2.55 1525583454852
-2.874 0.289 -7.818 1525583454952
14.81 -3.162 5.5 1525583455052
-10.281 5.112 -6.428 1525583455152
4.355 -5.876 -1.692 1525583455252
-4.732 -2.02 -0.421 1525583455352
-22.616 6.491 1.989 1525583455452
8.865 -8.781 -0.19 1525583455552
-0.258 1.261 -6.096 1525583455652
3.156 -6.07 -0.697 1525583455752
-4.398 -1.769 -0.029 1525583455852
-17.26 5.501 0.129 1525583455952
3.135 -1.011 -0.052 1525583459396
10.453 -1.304 7.566 1525583459496
-6.315 6.523 -2.587 1525583459596
5.698 -8.908 -3.005 1525583459696
0.406 4.939 -3.9 1525583459796
1.039 -5.698 0.323 1525583459896
-8.242 1.108 1.282 1525583459996
-13.057 1.465 -7.806 1525583460096
9.568 -9.466 1.503 1525583460196
1.278 2.261 -6.898 1525583460296
1.513 -5.357 -2.69 1525583460396
2.703 -2.505 6.313 1525583460496
-9.856 5.509 -7.216 1525583460596
0.526 -5.746 -2.884 1525583460696
3.704 -1.466 3.426 1525583460796
-11.474 4.893 -4.881 1525583460896
1.087 -5.306 -1.293 1525583460996
3.689 2.027 -6.22 1525583461096
-8.453 2.899 2.516 1525583461196
7.374 -2.324 4.289 1525583461296
-2.106 1.973 3.717 1525583463897
-0.038 0.832 -4.484 1525583463997
-17.846 4.184 -3.302 1525583464097
3.213 -6.186 0.828 1525583464197
-0.376 2.771 -2.288 1525583464297
1.771 -4.92 1.426 1525583464397
-1.299 2.328 -3.355 1525583464497
-7.251 2.708 -1.289 1525583464597
-0.558 -1.325 -1.364 1525583464697
-23.177 4.177 -2.317 1525583464797
-0.012 -1.251 -6.029 1525583464897
2.71 -4.376 0.315 1525583464997
3.491 0.739 3.528 1525583465097
-2.597 -1.081 -4.745 1525583465197
3.02 -4.286 0.652 1525583465297
3.116 0.914 -2.153 1525583465397
-10.797 2.346 -0.568 1525583465497
0.225 -0.083 -2.002 1525583465597
-11.358 1.94 -2.751 1525583465697
6.368 -0.233 2.307 1525583465797
1.086 -0.515 -0.788 1525583468621
4.861 -1.679 4.311 1525583468721
-1.795 -0.298 -5.057 1525583468821
0.052 0.076 -0.187 1525583468921
8.183 -1.762 4.452 1525583469021
-15.139 0.5 -6.283 1525583469121
7.149 -5.939 1.889 1525583469221
1.859 -2.025 -2.599 1525583469321
1.994 -4.284 1.244 1525583469421
14.159 -0.422 7.534 1525583469521
-18.548 4.845 -0.56 1525583469621
6.197 -6.418 1.556 1525583469721
1.834 -0.226 -4.615 1525583469821
5.019 -5.358 0.38 1525583469921
-2.125 -0.359 -7.183 1525583470021
-1.431 -0.004 1.753 1525583470121
8.52 -6.842 3.37 1525583470221
-13.139 3.593 -3.485 1525583470321
4.729 -3.294 3.031 1525583470421
-1.795 0.675 -4.171 1525583470521
0.898 -5.419 1.075 1525583472947
1.371 0.976 -1.682 1525583473047
-15.911 0.816 -5.386 1525583473147
9.055 2.326 3.958 1525583473247
-2.469 -4.207 -5.887 1525583473347
3.874 -4.507 0.559 1525583473447
2.754 0.408 4.976 1525583473547
-11.148 0.224 -5.301 1525583473647
6.386 -4.566 1.682 1525583473747
-10.054 -0.045 -6.151 1525583473847
11.196 -5.231 3.977 1525583473947
1.7 0.596 -6.7 1525583474047
-0.741 -0.191 3.091 1525583474147
3.234 1.21 1.621 1525583474247
4.778 -2.042 -4.19 1525583474347
3.926 -3.631 3.765 1525583474447
2.708 0.442 -2.797 1525583474547
-13.765 -0.55 -4.047 1525583474647
9.791 -4.203 5.198 1525583474747
0.586 -1.534 3.851 1525583474847
2.76 -5.745 -0.313 1525583477536
2.567 -0.591 6.006 1525583477636
-2.58 -0.472 -6.217 1525583477736
1.687 -3.513 1.567 1525583477836
3.159 -0.747 5.59 1525583477936
-15.48 2.679 0.685 1525583478036
6.409 -5.579 3.48 1525583478136
-8.087 1.563 -4.631 1525583478236
-9.668 2.675 1.866 1525583478336
6.49 -0.941 4.343 1525583478436
-9.167 2.986 1.882 1525583478536
7.044 -0.41 4.125 1525583478636
-4.991 0.352 -4.936 1525583478736
1.658 -1.822 0.851 1525583478836
4.852 -3.297 4.978 1525583478936
-8.279 2.072 -4.094 1525583479036
13.292 -4.915 3.936 1525583479136
3.758 1.24 -5.175 1525583479236
0.437 -3.332 0.881 1525583479336
3.184 -6.797 0.663 1525583479436
0.259 0.118 3.478 1525583482259
5.818 -1.016 1.412 1525583482359
0.252 1.073 -6.607 1525583482459
1.484 -3.389 1.18 1525583482559
-0.885 -3.004 5.659 1525583482659
-1.056 2.191 -3.769 1525583482759
1.371 -2.138 -0.059 1525583482859
0.268 2.293 -2.763 1525583482959
-4.118 1.252 -0.194 1525583483059
3.437 1.338 -0.92 1525583483159
1.87 -1.267 0.528 1525583483259
0.952 1.696 -3.465 1525583483359
-11.263 2.982 -2.2 1525583483459
7.432 -6.753 0.78 1525583483559
3.257 0.914 -3.339 1525583483659
-14.101 3.247 -0.974 1525583483759
11.784 -0.476 4.226 1525583483859
-13.674 0.934 -4.614 1525583483959
3.007 -4.052 0.926 1525583484059
-3.578 -1.513 0.433 1525583484159
4.065 -4.726 0.825 1525583487250
-4.506 -1.842 -0.907 1525583487350
-0.409 -0.031 1.587 1525583487450
3.45 -5.208 1.129 1525583487550
-6.788 -0.402 -0.883 1525583487650
-10.872 2.396 -3.832 1525583487750
0.819 -5.563 0.27 1525583487850
-14.928 2.77 -3.811 1525583487950
-0.179 0.501 1.818 1525583488050
13.099 -3.316 3.725 1525583488150
1.102 -1.452 0.893 1525583488250
0.897 1.057 -3.921 1525583488350
-10.497 2.133 0.952 1525583488450
7.299 -4.902 2.244 1525583488550
3.729 1.563 -4.995 1525583488650
1.046 -2.637 0.487 1525583488750
9.263 -0.76 3.311 1525583488850
-6.675 0.623 -4.058 1525583488950
8.225 -4.615 2.944 1525583489050
4.7 0.992 -5.354 1525583489150
0.607 -4.64 1.049 1525583492387
-5.153 0.252 -0.945 1525583492487
0.908 -2.039 0.396 1525583492587
10.532 -2.451 4.722 1525583492687
-17.125 5.188 1.021 1525583492787
3.742 -4.734 2.752 1525583492887
3.107 2.483 -2.456 1525583492987
2.943 0.424 -3.391 1525583493087
-3.569 0.24 -4.355 1525583493187
3.422 -5.047 3.493 1525583493287
-7.901 0.35 0.173 1525583493387
0.819 0.268 -5.018 1525583493487
0.613 -2.075 0.964 1525583493587
10.098 -0.864 1.943 1525583493687
-4.307 -1.629 -5.661 1525583493787
16.169 -6.392 3.041 1525583493887
3.15 -0.525 -8.008 1525583493987
4.165 -4.034 0.79 1525583494087
4.44 -0.329 -6.063 1525583494187
-10.05 2.296 6.516 1525583494287
-24.308 3.111 -1.885 1525583496435
13.817 -2.414 2.071 1525583496535
-1.296 0.47 2.92 1525583496635
7.295 -7.456 5.127 1525583496735
-11.916 2.319 -2.174 1525583496835
6.08 -3.177 4.306 1525583496935
1.119 -0.032 2.69 1525583497035
-8.846 1.873 -4.758 1525583497135
-0.01 -3.594 2.3 1525583497235
-1.17 1.728 -3.178 1525583497335
2.15 -1.688 2.279 1525583497435
-11.984 0.866 -1.699 1525583497535
4.55 -3.352 3.018 1525583497635
-2.3 -0.23 -0.939 1525583497735
-4.436 -1.419 -4.064 1525583497835
4.921 -4.483 2.86 1525583497935
-3.396 -0.485 -4.972 1525583498035
1.674 -3.305 0.08 1525583498135
-2.253 -0.313 1.704 1525583498235
2.123 -1.932 -0.279 1525583498335
-0.517 1.535 -3.589 1525583501160
-3.444 1.247 1.944 1525583501260
9.288 -5.282 2.072 1525583501360
1.744 0.626 -5.538 1525583501460
-3.425 0.426 2.114 1525583501560
8.411 0.114 3.926 1525583501660
0.355 -1.751 -4.53 1525583501760
2.601 -4.454 1.115 1525583501860
5.35 2.385 -1.026 1525583501960
0.335 -0.511 0.187 1525583502060
0.391 1.904 -1.451 1525583502160
-3.987 1.305 -1.298 1525583502260
1.709 -3.012 3.253 1525583502360
-1.613 1.445 -1.216 1525583502460
2.761 -2.31 0.81 1525583502560
-1.744 1.142 -0.213 1525583502660
1.35 -0.065 1.067 1525583502760
0.372 1.575 -2.012 1525583502860
2.845 -6.109 -0.663 1525583502960
-1.592 3.943 -4.754 1525583503060
-0.894 -7.01 -1.556 1525583505752
2.117 5.578 -3.243 1525583505852
1.456 -2.987 -0.257 1525583505952
10.391 -5.09 2.828 1525583506052
-4.021 5.442 -2.851 1525583506152
-0.669 -3.321 1.68 1525583506252
1.965 1.467 -2.789 1525583506352
-0.709 -1.072 -1.526 1525583506452
19.161 0.214 0.712 1525583506552
3.429 -1.619 3.519 1525583506652
-1.643 -1.878 -4.959 1525583506752
0.877 0.932 3.911 1525583506852
0.752 0.741 5.569 1525583506952
-4.24 -0.019 -5.367 1525583507052
-0.135 0.163 -3.643 1525583507152
2.915 1.425 6.773 1525583507252
6.373 1.287 0.951 1525583507352
0.325 -2.052 -4.752 1525583507452
1.584 -0.255 1.089 1525583507552
6.197 0.801 2.698 1525583507652
-0.098 -2.67 -2.947 1525583510746
-2.702 0.33 0.863 1525583510846
3.586 0.835 4.097 1525583510946
0.033 -3.502 -4.389 1525583511046
0.245 -0.575 2.952 1525583511146
11.068 -4.912 3.373 1525583511246
-3.515 0.525 -6.349 1525583511346
-0.224 -0.3 0.731 1525583511446
13.818 -4.421 2.777 1525583511546
-10.607 3.928 1.135 1525583511646
9.896 -1.53 3.047 1525583511746
-5.195 2.288 1.89 1525583511846
1.772 -6.544 -2.865 1525583511946
2.146 2.295 -4.536 1525583512046
-0.782 0.3 1.39 1525583512146
-8.02 0.116 -0.995 1525583512246
-17.045 6.28 -0.015 1525583512346
2.654 -6.426 -0.793 1525583512446
-1.188 2.464 -7.05 1525583512546
-4.546 2.747 2.232 1525583512646
16.688 -2.793 4.451 1525583515204
-8.195 2.943 -4.629 1525583515304
-0.287 -1.246 0.346 1525583515404
13.273 -6.548 1.234 1525583515504
-0.995 1.625 -6.453 1525583515604
-0.194 0.586 1.315 1525583515704
12.881 -7.293 1.336 1525583515804
-9.467 2.108 -3.788 1525583515904
2.802 -3.791 -0.138 1525583516004
3.601 1.231 -4.448 1525583516104
-0.315 -2.548 0.034 1525583516204
-2.564 0.239 -1.735 1525583516304
-3.088 0.226 -5.712 1525583516404
2.333 -2.972 -0.903 1525583516504
19 -3.592 3.024 1525583516604
-9.227 0.29 -6.088 1525583516704
-1.596 -0.303 1.957 1525583516804
7.095 -6.396 -0.589 1525583516904
-15.895 2.69 -2.807 1525583517004
7.669 -5.275 -0.359 1525583517104
