-0.006 0.002 -0.011 1525583245780
-0.009 0 -0.01 1525583245880
-0.021 -0.007 -0.004 1525583245980
-0.034 0.015 -0.026 1525583246080
-0.035 -0.003 0 1525583246180
-0.022 0.004 -0.016 1525583246280
0.036 0.061 -0.111 1525583246380
-0.051 0.013 -0.031 1525583246480
-0.089 0.039 -0.066 1525583246580
-0.07 0.005 -0.071 1525583246680
-0.276 0.12 -0.17 1525583246780
-0.949 0.474 -0.5 1525583246880
-0.578 0.081 -0.407 1525583246980
-0.669 -0.531 -0.66 1525583247080
-0.353 -0.356 -0.829 1525583247180
-2.342 -1.017 -0.975 1525583247280
-0.207 -0.5 0.001 1525583247380
-0.027 -0.223 -0.148 1525583247480
-0.136 -0.017 -0.184 1525583247580
-0.294 0.163 -0.395 1525583247680
0.454 0.138 0.863 1525583250504
-0.392 0.207 -0.097 1525583250604
0.823 0.607 -0.909 1525583250704
0.626 -0.461 1.065 1525583250804
-0.326 -0.063 -0.647 1525583250904
0.421 -0.205 1.121 1525583251004
0.042 -0.543 0.492 1525583251104
-0.279 -0.132 0.079 1525583251204
-0.019 0.04 0.019 1525583251304
0.247 0.022 -0.67 1525583251404
1.12 -0.809 0.766 1525583251504
0.574 -0.429 0.486 1525583251604
-0.692 -0.228 0.156 1525583251704
0.075 -0.015 0.005 1525583251804
0.048 0.463 0.077 1525583251904
1.266 -0.965 -0.146 1525583252004
0.668 -1.771 -0.304 1525583252104
-0.069 -0.5 0.031 1525583252204
0.342 -0.34 -0.456 1525583252304
-0.005 -0.059 -0.099 1525583252404
0.017 0 0.05 1525583255099
-0.063 0.052 0.108 1525583255199
-0.175 0.261 0.893 1525583255299
-0.423 0.217 0.55 1525583255399
-0.15 0.236 0.336 1525583255499
0.069 0.216 0.211 1525583255599
-0.022 0.137 -0.195 1525583255699
-0.126 -0.136 0.075 1525583255799
0.11 -0.162 -0.23 1525583255899
0.042 -0.15 -0.239 1525583255999
0.03 -0.062 -0.147 1525583256099
-0.084 0.064 0.063 1525583256199
0.108 0.125 0.113 1525583256299
-0.148 0.289 0.206 1525583256399
-0.576 0.434 0.099 1525583256499
-0.258 0.422 -0.292 1525583256599
-0.506 0.455 -0.391 1525583256699
-0.014 0.717 -0.144 1525583256799
-0.256 1.342 0.242 1525583256899
-0.516 0.701 0.408 1525583256999
-0.572 0.475 0.029 1525583259959
-0.136 0.338 0.316 1525583260059
0.39 0.339 0.466 1525583260159
1.042 0.331 0.729 1525583260259
1.361 -0.475 0.326 1525583260359
0.761 -0.423 0.27 1525583260459
0.38 -0.256 0.195 1525583260559
0.129 -0.089 0.107 1525583260659
-0.065 -0.037 -0.01 1525583260759
-0.539 -0.102 -0.163 1525583260859
-0.796 0.238 -0.339 1525583260959
-0.457 0.348 -0.198 1525583261059
-0.718 -0.219 -0.36 1525583261159
-0.036 -0.87 -0.539 1525583261259
0.228 -0.859 -0.133 1525583261359
0.02 0.125 -0.012 1525583261459
-0.012 -0.048 0.071 1525583261559
-0.153 -0.013 -0.051 1525583261659
-0.051 0.002 0 1525583261759
0.039 -0.079 -0.009 1525583261859
-0.021 0.005 -0.017 1525583264545
-0.029 0.003 0.006 1525583264645
-0.013 -0.003 -0.02 1525583264745
-0.042 0.009 -0.023 1525583264845
-0.01 -0.081 -0.016 1525583264945
-0.004 0.01 -0.081 1525583265045
0.003 -0.044 0.028 1525583265145
-0.017 0 -0.007 1525583265245
-0.007 -0.009 -0.003 1525583265345
-0.001 0.003 -0.047 1525583265445
-0.028 0.025 -0.005 1525583265545
0.007 -0.022 -0.004 1525583265645
-0.013 0.01 -0.013 1525583265745
-0.009 -0.004 0.001 1525583265845
-0.01 -0.003 -0.035 1525583265945
-0.124 0.054 -0.032 1525583266045
-0.885 0.906 -0.745 1525583266145
-1.104 0.32 -1.054 1525583266245
0.241 -0.393 -2.285 1525583266345
-0.778 -0.401 -1.926 1525583266445
0.032 0.175 1.11 1525583269279
-0.097 0.538 1.765 1525583269379
-0.396 0.813 1.945 1525583269479
-0.382 0.329 0.646 1525583269579
-0.369 0.11 -2.161 1525583269679
-1.355 1.128 -2.29 1525583269779
-0.718 0.582 -0.391 1525583269879
0.421 -0.549 0.511 1525583269979
1.009 -1.009 1.442 1525583270079
0.176 -0.212 2.719 1525583270179
1.209 -1.387 0.087 1525583270279
1.699 0.02 0.254 1525583270379
-0.129 0.045 -0.006 1525583270479
0.044 0.01 -0.001 1525583270579
-0.102 0.014 0.034 1525583270679
-0.256 -0.019 0.033 1525583270779
-0.534 0.084 -0.396 1525583270879
-0.634 0.215 -0.701 1525583270979
-0.663 -0.114 -1.724 1525583271079
-1.254 -0.185 -1.87 1525583271179
0.063 -0.023 0.315 1525583273995
0.624 0.036 0.675 1525583274095
0.543 0.458 1.909 1525583274195
0.813 -0.407 3.062 1525583274295
1.489 -0.51 2.642 1525583274395
1.299 -0.921 1.869 1525583274495
-0.708 1.36 0.428 1525583274595
-1.536 1.794 0.486 1525583274695
0.012 0.51 0.107 1525583274795
-0.37 -0.796 -0.492 1525583274895
-0.794 1.089 -0.149 1525583274995
-1.546 1.818 -0.003 1525583275095
-0.802 0.832 0.328 1525583275195
0.127 -0.211 0.003 1525583275295
0.003 0.018 0.022 1525583275395
-0.053 -0.104 0.229 1525583275495
0.257 -0.583 0.602 1525583275595
-0.529 -0.65 -0.888 1525583275695
1.234 -1.988 -0.185 1525583275795
1.22 -2.331 0.867 1525583275895
-0.109 0.244 -0.195 1525583278863
0.067 0.19 -0.235 1525583278963
0.178 0.278 -0.051 1525583279063
-0.298 -0.117 0.428 1525583279163
0.11 -0.78 0.415 1525583279263
0.181 0.266 -0.323 1525583279363
0.843 0.542 -0.222 1525583279463
0.597 1.727 -1.345 1525583279563
0.025 0.061 -0.435 1525583279663
1.959 -0.107 -2.298 1525583279763
-2.244 0.092 -3.244 1525583279863
0.329 -0.214 0.853 1525583279963
0.616 -0.417 2.1 1525583280063
0.979 -0.46 2.936 1525583280163
0.928 -0.193 1.531 1525583280263
-4.459 0.907 -0.753 1525583280363
-0.399 -0.849 0.236 1525583280463
-0.699 -1.131 -0.088 1525583280563
-0.096 -0.017 -0.123 1525583280663
0.023 -0.039 -0.05 1525583280763
0.167 0.034 -0.014 1525583283315
-0.025 0.051 -0.002 1525583283415
0.032 -0.029 -0.006 1525583283515
0.056 0.075 -0.016 1525583283615
0.354 0.101 0.1 1525583283715
0.104 0.186 0.025 1525583283815
0.158 0.113 0.003 1525583283915
0.259 0.088 0.029 1525583284015
0.28 0.076 0.046 1525583284115
0.692 0.069 0.097 1525583284215
0.489 0.053 0.166 1525583284315
0.491 -0.131 0.132 1525583284415
-0.291 -0.471 -0.123 1525583284515
0.035 -0.37 -0.203 1525583284615
-1.869 1.097 -0.165 1525583284715
-1.072 1.458 0.435 1525583284815
-0.129 0.217 0.434 1525583284915
0.645 -0.696 -0.397 1525583285015
5.486 -2.029 -1.018 1525583285115
0.839 -1.871 -0.594 1525583285215
-0.175 0.005 0.072 1525583287899
-2.312 0.64 0.186 1525583287999
-1.6 1.604 1.17 1525583288099
-0.23 0.341 0.724 1525583288199
1.559 -0.138 -0.068 1525583288299
1.387 -0.627 0.053 1525583288399
2.172 -0.997 0.322 1525583288499
0.504 -0.733 0.482 1525583288599
0.026 0.267 -0.115 1525583288699
-0.213 1.115 -0.466 1525583288799
-2.687 1.061 -0.015 1525583288899
-0.062 0.32 -0.105 1525583288999
-0.11 -0.213 -0.17 1525583289099
0.015 -0.585 -0.293 1525583289199
1.91 -0.947 -0.234 1525583289299
1.401 -1.035 0.08 1525583289399
-0.113 -0.049 0.014 1525583289499
-0.142 0.361 -0.242 1525583289599
1.141 0.385 -0.214 1525583289699
0.067 0.923 -0.629 1525583289799
-1.781 0.643 -0.17 1525583292501
-1.086 0.404 -0.093 1525583292601
0.14 -0.387 -0.136 1525583292701
0.349 -0.569 -0.158 1525583292801
0.276 -1.079 -0.168 1525583292901
2.411 -1.674 0.36 1525583293001
1.987 -1.471 0.9 1525583293101
-0.271 -0.198 -0.023 1525583293201
-0.371 0.592 -0.433 1525583293301
-0.876 1.13 -0.242 1525583293401
-0.908 0.906 0.004 1525583293501
-0.289 0.695 0.101 1525583293601
0.25 -0.133 -0.158 1525583293701
0.459 -0.495 -0.019 1525583293801
0.279 -0.91 -0.059 1525583293901
0.822 -1.327 0.116 1525583294001
0.681 -1.051 0.414 1525583294101
0.468 -0.458 0.157 1525583294201
-0.053 0.218 -0.192 1525583294301
-0.131 0.472 -0.259 1525583294401
-0.267 0.762 -0.41 1525583297220
-0.568 0.862 -0.353 1525583297320
-1.393 0.772 -0.11 1525583297420
-2.037 0.404 0.034 1525583297520
0.552 -0.231 -0.14 1525583297620
0.025 -0.304 -0.194 1525583297720
0.572 -0.413 -0.053 1525583297820
1.175 -0.777 0.011 1525583297920
1.842 -1.035 0.192 1525583298020
0.651 -0.538 0.423 1525583298120
0.031 0.305 -0.131 1525583298220
-0.363 0.552 -0.303 1525583298320
-1.528 0.701 -0.159 1525583298420
-1.897 0.684 0.124 1525583298520
0.059 0.096 0.051 1525583298620
1.083 -0.632 -0.199 1525583298720
1.413 -0.684 0.104 1525583298820
0.939 -0.634 0.211 1525583298920
0.086 -0.191 0.108 1525583299020
0.025 0.592 -0.304 1525583299120
-0.01 -0.281 0.125 1525583306264
0.384 -0.869 0.366 1525583306364
0.107 -0.005 -0.042 1525583306464
0.022 0.062 -0.025 1525583306564
-0.007 -0.023 -0.002 1525583306664
-0.022 0.647 -0.219 1525583306764
-0.053 0.49 -0.209 1525583306864
-0.042 -0.849 0.251 1525583306964
0.077 1.079 -0.471 1525583307064
-2.251 0.914 -0.345 1525583307164
-0.093 0.412 -0.19 1525583307264
-0.195 0.469 -0.192 1525583307364
0 -1.202 0.252 1525583307464
0.184 -1.126 0.46 1525583307564
-0.063 0.537 -0.238 1525583307664
0.091 -0.686 0.077 1525583307764
0.75 -1.194 0.61 1525583307864
-0.403 0.835 -0.287 1525583307964
0.043 -0.014 -0.04 1525583308064
0.077 -0.831 0.373 1525583308164
-0.446 0.357 -0.292 1525583312885
0.258 -0.783 0.567 1525583312985
-0.074 0.932 -0.407 1525583313085
-0.214 0.077 -0.186 1525583313185
0.332 -0.915 0.369 1525583313285
0.085 -0.651 0.327 1525583313385
-0.135 0.73 -0.341 1525583313485
0 0.394 -0.14 1525583313585
0.308 -0.064 0.1 1525583313685
0.734 -0.248 -0.125 1525583313785
-0.378 0.068 0.289 1525583313885
-0.056 -1.03 0.52 1525583313985
-0.043 -0.019 0.025 1525583314085
0.035 1.742 -1.146 1525583314185
-0.634 0.847 -0.341 1525583314285
0.053 -0.492 0.265 1525583314385
0.076 -1.23 0.571 1525583314485
0.24 -0.681 0.417 1525583314585
0.091 0.508 -0.331 1525583314685
-0.08 0.999 -0.443 1525583314785
0.029 -0.309 0.027 1525583317337
-0.093 -1.255 0.577 1525583317437
0.074 -0.919 0.602 1525583317537
0.208 -0.196 0.146 1525583317637
-0.345 1.225 -0.839 1525583317737
-1.081 1.384 -0.603 1525583317837
-1.576 0.907 -0.151 1525583317937
0.539 -0.821 -0.075 1525583318037
1.661 -1.126 0.163 1525583318137
1.547 -1.293 0.658 1525583318237
0.002 -0.258 0.102 1525583318337
-0.053 0.479 -0.317 1525583318437
-0.195 1.021 -0.415 1525583318537
-0.95 1.234 -0.319 1525583318637
-0.823 0.896 0.036 1525583318737
-0.03 -0.129 -0.025 1525583318837
0.546 -0.607 -0.161 1525583318937
0.067 -0.916 -0.027 1525583319037
0.289 -1.089 0.136 1525583319137
0.044 0.013 -0.022 1525583319237
-0.137 1.312 -0.527 1525583322060
-0.658 0.878 -0.337 1525583322160
0.077 -0.364 -0.065 1525583322260
-0.151 -1.161 0.118 1525583322360
1.155 -1.55 0.761 1525583322460
-0.068 -0.146 0.019 1525583322560
-0.126 0.304 -0.189 1525583322660
0.093 0.263 -0.121 1525583322760
0.702 0.298 0.224 1525583322860
0.724 0.03 0.239 1525583322960
0.101 -0.143 0.054 1525583323060
0.015 -0.067 -0.033 1525583323160
0.15 -0.437 0.04 1525583323260
0.097 -0.93 0.05 1525583323360
-0.223 -0.114 -0.443 1525583323460
-0.227 -0.076 -0.774 1525583323560
-0.391 -0.371 -1.192 1525583323660
-2.526 -0.826 -1.946 1525583323760
-2.005 -0.433 -1.9 1525583323860
-0.655 -0.045 -0.731 1525583323960
0.294 -0.119 0.664 1525583326918
0.2 -0.076 0.5 1525583327018
-0.097 -0.101 -0.059 1525583327118
-0.035 -0.093 -0.767 1525583327218
0.021 0.124 0.431 1525583327318
0.722 0.174 1.471 1525583327418
0.81 0.337 1.895 1525583327518
0.255 -0.075 1.609 1525583327618
-0.012 -0.604 0.741 1525583327718
-0.054 -0.187 0.118 1525583327818
-1.103 0.535 -0.439 1525583327918
-0.993 0.312 -0.411 1525583328018
-0.138 -0.226 -0.262 1525583328118
2.009 -0.403 -0.195 1525583328218
0.147 0.038 0.07 1525583328318
-0.125 0.088 0.002 1525583328418
-0.12 0.053 0.002 1525583328518
-0.031 -0.015 0.003 1525583328618
0.029 -0.081 -0.05 1525583328718
-0.144 -0.023 -0.064 1525583328818
-2.513 0.542 0.216 1525583331512
-1.4 0.781 0.672 1525583331612
1.015 0.918 -0.35 1525583331712
3.436 -0.234 -2.507 1525583331812
-0.783 -0.499 -1.866 1525583331912
-0.175 -0.058 -0.047 1525583332012
0.242 -0.054 0.653 1525583332112
0.281 0.295 1.075 1525583332212
0.078 0.463 1.243 1525583332312
0.323 0.489 1.516 1525583332412
-0.102 -0.068 0.95 1525583332512
0.113 -0.655 0.94 1525583332612
-0.321 -0.743 0.711 1525583332712
-2.846 0.21 0.012 1525583332812
-1.536 0.002 0.493 1525583332912
0.893 -0.494 0.508 1525583333012
0.182 -0.418 0.043 1525583333112
-0.088 0.091 -0.125 1525583333212
0.427 -0.617 -0.014 1525583333312
1.204 -0.205 0.035 1525583333412
0.828 -0.177 0.072 1525583336104
0.17 -0.074 -0.083 1525583336204
-0.168 0.012 -0.066 1525583336304
-1.796 0.227 -0.217 1525583336404
-1.535 0.434 -0.201 1525583336504
-0.028 0.089 -0.068 1525583336604
2.61 -0.507 -0.234 1525583336704
1.219 -0.622 -0.738 1525583336804
0.805 -1.017 -0.935 1525583336904
0.179 -0.944 -0.507 1525583337004
-0.6 -0.444 -0.109 1525583337104
-0.046 -0.358 -0.191 1525583337204
0.069 -0.168 -0.191 1525583337304
-0.02 -0.108 -0.063 1525583337404
-0.018 -0.085 -0.013 1525583337504
-0.224 0.032 0.045 1525583337604
-2.748 0.633 -0.043 1525583337704
0.036 -0.095 -0.072 1525583337804
-0.538 0.201 -0.05 1525583337904
-2.742 0.662 0.338 1525583338004
-0.426 -0.095 1.422 1525583340956
0.587 -0.338 1.04 1525583341056
2.069 0.025 0.33 1525583341156
-0.081 0.183 0.034 1525583341256
-0.915 0.06 -0.24 1525583341356
-0.842 -0.102 -0.653 1525583341456
-0.078 0.143 -1.45 1525583341556
-0.135 0.063 -2.052 1525583341656
-0.466 -0.15 -2.045 1525583341756
-0.243 -0.109 -0.999 1525583341856
0.202 -0.027 0.678 1525583341956
0.035 0.143 1.433 1525583342056
0.064 0.046 1.009 1525583342156
-0.018 0.032 0.217 1525583342256
-0.176 -0.035 -1.047 1525583342356
0.228 -0.091 -1.426 1525583342456
-0.018 -0.156 -1.315 1525583342556
0.458 -0.232 -0.539 1525583342656
0.746 -0.256 0.549 1525583342756
-0.26 0.226 0.419 1525583342856
0.115 -0.124 -0.455 1525583345818
-0.206 0.05 -0.255 1525583345918
-0.12 0.088 0.145 1525583346018
0.117 -0.032 0.38 1525583346118
0.12 -0.045 0 1525583346218
-0.027 0.043 -0.236 1525583346318
0.102 -0.014 0.065 1525583346418
0.437 0.096 1.822 1525583346518
0.094 0.219 1.07 1525583346618
0.003 0.045 0.107 1525583346718
1.046 -0.133 -0.259 1525583346818
-0.391 -0.145 0.098 1525583346918
0.161 -0.41 -0.036 1525583347018
0.283 0.118 -0.053 1525583347118
-2.062 -0.348 -0.405 1525583347218
0.093 -0.228 -0.423 1525583347318
-0.092 0.181 -0.452 1525583347418
-0.053 -0.136 -0.359 1525583347518
-0.576 0.144 -0.287 1525583347618
0.084 -0.063 -0.165 1525583347718
0.082 -0.012 -0.502 1525583350685
-0.19 -0.149 0.054 1525583350785
0.38 0.313 0.225 1525583350885
0.208 0.55 1.528 1525583350985
0.647 -0.128 2.09 1525583351085
-0.145 -0.116 2.008 1525583351185
-0.73 -0.436 1.513 1525583351285
-0.282 -0.516 0.689 1525583351385
0.05 -0.194 -0.168 1525583351485
0.272 0.301 -0.193 1525583351585
-0.085 0.471 -0.067 1525583351685
0.705 -0.126 -0.219 1525583351785
0.666 0.186 -0.152 1525583351885
-0.058 0.523 -0.436 1525583351985
0.264 -0.525 -0.297 1525583352085
-0.125 -0.182 0.014 1525583352185
-0.705 0.613 -0.459 1525583352285
-1.139 0.876 0.384 1525583352385
-2.286 1.294 0.531 1525583352485
-0.356 0.861 0.656 1525583352585
0.151 -0.014 0.174 1525583358786
0.065 -0.187 0 1525583358886
-0.067 -0.397 0.255 1525583358986
-0.056 -1.005 0.332 1525583359086
-0.422 -1.031 0.199 1525583359186
0.015 -1.544 0.079 1525583359286
0.198 -0.197 0.117 1525583359386
0.123 0.23 -0.105 1525583359486
-1.604 0.745 -0.647 1525583359586
0.479 0.603 0.573 1525583359686
0.314 0.1 -0.02 1525583359786
3.904 -0.146 0.232 1525583359886
-5.658 -0.739 -1.231 1525583359986
-0.263 -0.597 -0.11 1525583360086
-0.501 1.108 0.629 1525583360186
0.034 -0.921 -0.441 1525583360286
0.146 -0.983 -0.581 1525583360386
0.289 0.633 0.294 1525583360486
-0.162 -0.248 -0.098 1525583360586
-0.225 -0.479 -0.208 1525583360686
-0.255 0.533 0.513 1525583363503
-0.254 1.075 0.623 1525583363603
0.003 0.942 0.274 1525583363703
0.032 0.405 0.207 1525583363803
0.25 -0.196 0.147 1525583363903
0.277 -0.088 0 1525583364003
0.41 0.445 0.311 1525583364103
0.219 1.015 0.747 1525583364203
0.121 1.055 0.66 1525583364303
-0.055 0.997 0.44 1525583364403
-0.158 -0.004 -0.138 1525583364503
-0.256 -0.456 -0.398 1525583364603
-0.417 -0.132 -0.292 1525583364703
-0.036 0.683 0.2 1525583364803
0.285 1.027 0.575 1525583364903
0.212 0.61 0.376 1525583365003
0.037 -0.959 -0.454 1525583365103
0.034 -0.867 -0.313 1525583365203
0.091 -0.967 -0.391 1525583365303
0.153 -1.002 -0.518 1525583365403
0.063 -0.064 0.093 1525583369987
-0.009 0.293 0.349 1525583370087
-0.026 0.778 0.506 1525583370187
0.152 0.952 0.729 1525583370287
0.212 0.728 0.281 1525583370387
0.571 0.385 -0.007 1525583370487
2.137 0.043 -0.144 1525583370587
2.759 -0.517 0.24 1525583370687
0.886 -0.663 0.578 1525583370787
0.508 -0.37 0.512 1525583370887
-0.015 0.103 0.097 1525583370987
0.172 -0.08 -0.128 1525583371087
-0.252 0.103 -0.255 1525583371187
-0.923 0.004 -0.42 1525583371287
-0.007 -0.212 0.257 1525583371387
-0.043 -0.202 0.222 1525583371487
-0.03 -0.249 0.247 1525583371587
-0.132 -0.146 0.307 1525583371687
0.05 -0.357 0.371 1525583371787
-0.06 0.193 -0.01 1525583371887
0.23 0.44 -0.688 1525583374439
-0.109 0.572 -0.526 1525583374539
0.161 0.177 -0.364 1525583374639
0.174 0.241 -0.455 1525583374739
0.109 0.07 -0.399 1525583374839
0.332 -0.062 -0.278 1525583374939
-0.089 -0.077 -0.331 1525583375039
-0.234 0.065 -0.273 1525583375139
-0.121 0.079 -0.232 1525583375239
-0.088 0.062 -0.055 1525583375339
-0.259 0.169 -0.016 1525583375439
-0.172 0.111 0.031 1525583375539
0.015 0.085 0.431 1525583375639
0.065 0.167 0.755 1525583375739
-0.029 0.077 0.583 1525583375839
0.223 -0.145 0.49 1525583375939
0.666 -0.51 0.712 1525583376039
0.063 -0.21 0.29 1525583376139
-0.23 0.065 -0.092 1525583376239
-0.35 0.061 -0.557 1525583376339
-0.368 0.212 -0.925 1525583379929
-0.275 0.195 -0.676 1525583380029
-0.065 -0.1 -0.044 1525583380129
-0.087 -0.084 0.251 1525583380229
-0.025 -0.197 0.507 1525583380329
-0.148 -0.126 0.372 1525583380429
-0.083 -0.094 0.183 1525583380529
-0.182 0.146 -0.098 1525583380629
-0.176 -0.056 -0.072 1525583380729
-0.027 -0.198 0.164 1525583380829
-0.016 0.065 0.05 1525583380929
0.018 0.203 -0.292 1525583381029
0.089 0.395 -0.441 1525583381129
0.054 0.402 -0.403 1525583381229
0.167 0.019 -0.2 1525583381329
-0.033 0.2 -0.24 1525583381429
0.078 0.284 -0.354 1525583381529
0 0.223 -0.263 1525583381629
-0.016 0.202 -0.285 1525583381729
-0.01 0.137 -0.306 1525583381829
-0.055 -0.103 0.116 1525583384407
-0.017 -0.573 0.251 1525583384507
0.108 -0.555 0.151 1525583384607
0.046 -0.396 0.257 1525583384707
-0.097 -0.319 0.165 1525583384807
-0.126 -0.329 -0.29 1525583384907
-0.042 -0.32 -0.337 1525583385007
0.023 -0.042 -0.426 1525583385107
-0.019 -0.069 0.161 1525583385207
-0.059 -0.055 0.121 1525583385307
0.007 0.025 0.009 1525583385407
-0.108 0.019 -0.016 1525583385507
-0.017 -0.215 -0.132 1525583385607
0.084 0.12 0.082 1525583385707
0.019 0.013 0.23 1525583385807
0.265 -0.025 0.621 1525583385907
0.317 0.016 0.883 1525583386007
0.063 -0.162 0.627 1525583386107
0.013 -0.117 -0.213 1525583386207
0.183 -0.094 0.03 1525583386307
0.251 0.063 0.097 1525583388557
0.257 0.254 -0.023 1525583388657
0.329 -0.146 0.39 1525583388757
0.533 -0.143 0.822 1525583388857
0.6 -0.299 0.781 1525583388957
0.624 -0.227 0.573 1525583389057
0.484 -0.157 0.187 1525583389157
0.999 -0.646 0.483 1525583389257
0.681 -0.658 0.213 1525583389357
-0.051 0.047 0.11 1525583389457
-0.115 0.066 0.062 1525583389557
-0.049 0.039 0.038 1525583389657
-0.032 0.007 -0.014 1525583389757
-0.018 0.064 -0.007 1525583389857
0.15 0.051 0.082 1525583389957
0.196 0.181 0.15 1525583390057
-0.026 0.115 0.036 1525583390157
-0.157 0.032 -0.109 1525583390257
-0.105 -0.023 -0.148 1525583390357
-0.071 -0.038 -0.105 1525583390457
0.036 -0.052 0.011 1525583393290
-0.036 -0.021 -0.012 1525583393390
-0.058 0.002 -0.117 1525583393490
0.003 -0.054 -0.03 1525583393590
0.037 -0.032 0.01 1525583393690
-0.003 -0.001 0.022 1525583393790
-0.092 0.013 -0.026 1525583393890
-0.016 0.021 -0.014 1525583393990
0.031 -0.004 -0.011 1525583394090
0.014 0.015 -0.025 1525583394190
-0.021 0.045 -0.083 1525583394290
-0.003 0.035 -0.062 1525583394390
0 0.05 -0.03 1525583394490
-0.121 0.029 -0.069 1525583394590
0.059 0.003 0.04 1525583394690
-0.039 0.043 -0.014 1525583394790
-0.035 -0.032 -0.028 1525583394890
-0.827 0.347 -0.132 1525583394990
-0.042 0.066 -0.051 1525583395090
-0.002 0.007 0.017 1525583395190
-0.311 0.111 -0.136 1525583398269
0.06 -0.05 -0.028 1525583398369
0.044 -0.105 0.04 1525583398469
0.012 -0.039 0.061 1525583398569
0.04 -0.034 0.014 1525583398669
0.125 -0.133 0.035 1525583398769
-0.059 0.07 0.169 1525583398869
-0.069 0.203 0.272 1525583398969
0.144 -0.123 0.219 1525583399069
0.077 -0.07 0.182 1525583399169
-0.037 -0.035 -0.074 1525583399269
-0.053 -0.063 -0.198 1525583399369
-0.027 0.006 -0.205 1525583399469
0.007 -0.027 -0.164 1525583399569
-0.004 0.013 -0.097 1525583399669
-0.038 0.078 0.072 1525583399769
0.031 0.035 0.145 1525583399869
-0.053 0.01 0.062 1525583399969
-0.054 -0.037 -0.149 1525583400069
-0.06 -0.053 -0.241 1525583400169
